5139.  16.21893
5139.05  15.25923
5139.1  14.51029
5139.15  13.14238
5139.2  11.78644
5139.25  10.10832
5139.3  12.81172
5139.35  13.50756
5139.4  10.81613
5139.45  12.27632
5139.5  11.5032
5139.55  11.43299
5139.6  11.38308
5139.65  10.04418
5139.7  10.40436
5139.75  10.89541
5139.8  12.87016
5139.85  13.11015
5139.9  14.56142
5139.95  14.3272
5140.  15.37333
5140.05  13.64265
5140.1  16.75774
5140.15  15.26084
5140.2  16.67767
5140.25  14.12814
5140.3  15.23102
5140.35  15.36987
5140.4  16.1396
5140.45  15.99214
5140.5  14.11813
5140.55  13.30309
5140.6  14.29248
5140.65  15.95258
5140.7  18.63097
5140.75  15.46523
5140.8  13.51363
5140.85  19.56129
5140.9  16.12811
5140.95  18.11292
5141.  16.20328
5141.05  15.98387
5141.1  18.14177
5141.15  20.93608
5141.2  18.52569
5141.25  14.3084
5141.3  14.98653
5141.35  17.30928
5141.4  16.84494
5141.45  16.92365
5141.5  17.59023
5141.55  18.69124
5141.6  16.79927
5141.65  14.52635
5141.7  17.84459
5141.75  18.09599
5141.8  16.62304
5141.85  17.16915
5141.9  16.29108
5141.95  14.65842
5142.  14.21512
5142.05  16.04222
5142.1  17.77093
5142.15  18.15026
5142.2  16.76554
5142.25  14.14178
5142.3  18.06901
5142.35  15.65021
5142.4  13.70839
5142.45  14.00106
5142.5  15.29494
5142.55  17.82602
5142.6  17.94398
5142.65  17.05849
5142.7  16.04257
5142.75  13.35328
5142.8  14.00877
5142.85  13.54087
5142.9  15.49483
5142.95  17.75557
5143.  15.82011
5143.05  17.49096
5143.1  18.47876
5143.15  17.08831
5143.2  15.55721
5143.25  16.97344
5143.3  16.41083
5143.35  13.97293
5143.4  12.66023
5143.45  15.13304
5143.5  17.52309
5143.55  17.53421
5143.6  18.08096
5143.65  18.5357
5143.7  18.29663
5143.75  15.83602
5143.8  17.21901
5143.85  15.78548
5143.9  18.13807
5143.95  16.46582
5144.  17.23
5144.05  20.1859
5144.1  18.21512
5144.15  15.92724
5144.2  17.38664
5144.25  16.39399
5144.3  16.84783
5144.35  15.54481
5144.4  13.8427
5144.45  14.91876
5144.5  14.97204
5144.55  14.22213
5144.6  17.49966
5144.65  17.60046
5144.7  15.71946
5144.75  15.8166
5144.8  16.47849
5144.85  17.8135
5144.9  16.47709
5144.95  15.74313
5145.  18.72744
5145.05  18.48075
5145.1  16.58458
5145.15  16.33468
5145.2  17.83981
5145.25  16.23386
5145.3  19.00278
5145.35  17.50395
5145.4  18.31456
5145.45  16.1741
5145.5  15.53806
5145.55  18.55478
5145.6  17.8886
5145.65  17.51497
5145.7  14.52192
5145.75  17.17093
5145.8  19.27329
5145.85  15.39784
5145.9  15.53505
5145.95  18.59305
5146.  18.44674
5146.05  19.81027
5146.1  17.25282
5146.15  14.85154
5146.2  20.1739
5146.25  16.95811
5146.3  14.80441
5146.35  14.76707
5146.4  15.81332
5146.45  15.55884
5146.5  16.62568
5146.55  19.17292
5146.6  18.29776
5146.65  17.46078
5146.7  18.21888
5146.75  15.75564
5146.8  16.85449
5146.85  18.55055
5146.9  17.85632
5146.95  15.23202
5147.  15.97109
5147.05  18.35635
5147.1  17.12379
5147.15  19.16146
5147.2  17.96999
5147.25  16.25118
5147.3  16.28587
5147.35  17.8459
5147.4  18.47151
5147.45  18.93789
5147.5  15.92308
5147.55  16.46419
5147.6  18.7585
5147.65  16.63695
5147.7  15.87686
5147.75  18.15831
5147.8  16.04352
5147.85  15.9843
5147.9  19.50189
5147.95  16.11958
5148.  15.54912
5148.05  15.43233
5148.1  16.86734
5148.15  16.47058
5148.2  16.24793
5148.25  18.78782
5148.3  16.90222
5148.35  18.52039
5148.4  17.81657
5148.45  21.46661
5148.5  18.9827
5148.55  17.9221
5148.6  17.89866
5148.65  17.59878
5148.7  16.53607
5148.75  15.35204
5148.8  18.51187
5148.85  19.7552
5148.9  18.36238
5148.95  18.0403
5149.  19.01618
5149.05  21.36446
5149.1  17.86517
5149.15  15.45262
5149.2  18.37946
5149.25  19.04597
5149.3  17.3333
5149.35  17.54094
5149.4  18.31804
5149.45  16.67538
5149.5  17.63068
5149.55  17.70587
5149.6  17.16694
5149.65  17.91652
5149.7  16.88472
5149.75  19.50139
5149.8  17.02553
5149.85  18.20139
5149.9  18.8662
5149.95  17.5746
5150.  20.33045
5150.05  14.44094
5150.1  18.747
5150.15  19.93571
5150.2  19.10619
5150.25  19.35976
5150.3  17.03528
5150.35  17.74539
5150.4  16.80849
5150.45  15.6984
5150.5  18.28325
5150.55  14.12725
5150.6  13.69093
5150.65  16.44258
5150.7  16.51813
5150.75  16.28792
5150.8  16.51464
5150.85  18.72354
5150.9  17.55852
5150.95  15.90896
5151.  18.30042
5151.05  17.35918
5151.1  18.91577
5151.15  19.68554
5151.2  16.85121
5151.25  16.79964
5151.3  17.01213
5151.35  16.93301
5151.4  18.56543
5151.45  19.80197
5151.5  15.55779
5151.55  18.083
5151.6  17.82002
5151.65  16.48511
5151.7  18.86001
5151.75  15.69908
5151.8  14.64805
5151.85  16.2707
5151.9  19.63242
5151.95  16.58858
5152.  17.94661
5152.05  16.44421
5152.1  15.65293
5152.15  17.59401
5152.2  18.27249
5152.25  16.6441
5152.3  14.98802
5152.35  15.39647
5152.4  18.03231
5152.45  17.2317
5152.5  15.22924
5152.55  18.73241
5152.6  16.36766
5152.65  15.01053
5152.7  16.44073
5152.75  17.61371
5152.8  17.57375
5152.85  15.97295
5152.9  18.80515
5152.95  19.64825
5153.  18.33463
5153.05  17.55722
5153.1  17.6665
5153.15  14.5768
5153.2  13.84925
5153.25  18.59548
5153.3  18.84982
5153.35  18.1748
5153.4  15.7612
5153.45  15.30226
5153.5  16.3376
5153.55  17.64188
5153.6  12.63367
5153.65  16.94875
5153.7  18.04268
5153.75  17.73314
5153.8  17.53529
5153.85  17.2974
5153.9  17.7523
5153.95  17.81984
5154.  18.63055
5154.05  16.52103
5154.1  17.73335
5154.15  17.35702
5154.2  19.01061
5154.25  17.77852
5154.3  16.80436
5154.35  15.6348
5154.4  19.52415
5154.45  17.33273
5154.5  19.57965
5154.55  17.31156
5154.6  18.82146
5154.65  21.15554
5154.7  18.224
5154.75  21.00523
5154.8  20.14779
5154.85  19.83706
5154.9  18.64203
5154.95  17.3771
5155.  20.13781
5155.05  17.52515
5155.1  17.06744
5155.15  16.37006
5155.2  15.86347
5155.25  17.40175
5155.3  15.2981
5155.35  17.24293
5155.4  15.96581
5155.45  15.26369
5155.5  16.81841
5155.55  19.96556
5155.6  20.65182
5155.65  18.80445
5155.7  16.22424
5155.75  15.33925
5155.8  20.88283
5155.85  20.82992
5155.9  17.96542
5155.95  18.51768
5156.  17.25835
5156.05  18.54441
5156.1  19.11136
5156.15  16.18657
5156.2  21.03137
5156.25  17.47035
5156.3  16.80617
5156.35  14.90495
5156.4  14.50181
5156.45  16.29909
5156.5  15.74387
5156.55  14.98755
5156.6  13.74014
5156.65  17.45168
5156.7  15.50966
5156.75  14.08324
5156.8  18.33721
5156.85  17.57362
5156.9  17.04498
5156.95  16.93623
5157.  17.22104
5157.05  18.60515
5157.1  17.15083
5157.15  17.29256
5157.2  15.604
5157.25  16.1542
5157.3  14.30398
5157.35  16.16965
5157.4  15.04249
5157.45  17.38315
5157.5  18.91829
5157.55  19.45942
5157.6  15.21163
5157.65  17.33708
5157.7  18.31665
5157.75  13.90686
5157.8  17.18076
5157.85  16.51844
5157.9  16.74157
5157.95  20.32694
5158.  18.47738
5158.05  17.63072
5158.1  13.94839
5158.15  16.74225
5158.2  17.69265
5158.25  18.92685
5158.3  15.95109
5158.35  16.17882
5158.4  17.74329
5158.45  17.10756
5158.5  18.22876
5158.55  18.17803
5158.6  17.54707
5158.65  16.48239
5158.7  15.59387
5158.75  18.58588
5158.8  18.10251
5158.85  16.34649
5158.9  19.01812
5158.95  16.19503
5159.  15.95897
5159.05  14.28399
5159.1  15.40541
5159.15  18.42428
5159.2  16.78308
5159.25  15.80013
5159.3  13.43835
5159.35  17.83053
5159.4  20.23152
5159.45  20.29169
5159.5  19.59223
5159.55  15.92875
5159.6  18.10954
5159.65  20.38306
5159.7  14.867
5159.75  17.55194
5159.8  20.25897
5159.85  15.50112
5159.9  15.37463
5159.95  18.75647
5160.  18.27348
5160.05  16.36847
5160.1  17.37914
5160.15  22.03626
5160.2  16.42392
5160.25  12.18362
5160.3  13.41469
5160.35  18.62167
5160.4  15.57159
5160.45  15.86779
5160.5  15.83301
5160.55  13.87484
5160.6  19.16019
5160.65  17.30421
5160.7  14.85092
5160.75  13.82095
5160.8  15.67646
5160.85  17.58032
5160.9  17.24977
5160.95  15.43009
5161.  16.90043
5161.05  16.5138
5161.1  16.23479
5161.15  19.08122
5161.2  19.57211
5161.25  13.99795
5161.3  16.02072
5161.35  19.86787
5161.4  19.00843
5161.45  18.1093
5161.5  18.67015
5161.55  17.88701
5161.6  20.12192
5161.65  18.95236
5161.7  16.87618
5161.75  17.03763
5161.8  16.80715
5161.85  16.75811
5161.9  16.28157
5161.95  14.03778
5162.  15.54959
5162.05  17.17034
5162.1  17.02879
5162.15  16.89252
5162.2  17.21952
5162.25  16.73312
5162.3  16.26577
5162.35  14.30531
5162.4  14.95554
5162.45  14.8769
5162.5  14.80442
5162.55  18.24559
5162.6  17.93946
5162.65  16.4081
5162.7  19.07904
5162.75  17.85424
5162.8  18.09534
5162.85  21.92101
5162.9  16.87977
5162.95  15.82397
5163.  17.92141
5163.05  17.34405
5163.1  16.78137
5163.15  17.45215
5163.2  15.17381
5163.25  16.06932
5163.3  16.77025
5163.35  18.14534
5163.4  16.10497
5163.45  18.89286
5163.5  17.53218
5163.55  19.24223
5163.6  17.42
5163.65  19.42051
5163.7  17.43994
5163.75  16.4784
5163.8  16.54256
5163.85  15.61475
5163.9  17.61778
5163.95  17.59125
5164.  15.77122
5164.05  17.67377
5164.1  16.96387
5164.15  18.00646
5164.2  15.97915
5164.25  13.85787
5164.3  15.62153
5164.35  16.6236
5164.4  16.0344
5164.45  16.71217
5164.5  17.68795
5164.55  16.84641
5164.6  14.95282
5164.65  15.91351
5164.7  14.65505
5164.75  16.33762
5164.8  15.64887
5164.85  17.1068
5164.9  14.84954
5164.95  13.88782
5165.  14.55162
5165.05  14.72607
5165.1  15.94663
5165.15  15.38798
5165.2  15.07841
5165.25  12.1341
5165.3  15.04871
5165.35  17.18418
5165.4  17.62422
5165.45  17.55647
5165.5  16.54058
5165.55  14.27661
5165.6  15.84001
5165.65  16.66297
5165.7  12.67569
5165.75  13.12931
5165.8  11.87409
5165.85  11.97963
5165.9  15.06139
5165.95  15.57497
5166.  15.73267
5166.05  14.90328
5166.1  15.97734
5166.15  16.20344
5166.2  15.12452
5166.25  14.15473
5166.3  15.10143
5166.35  16.35235
5166.4  14.85049
5166.45  15.47634
5166.5  19.10374
5166.55  15.20297
5166.6  15.93287
5166.65  14.43324
5166.7  15.43565
5166.75  15.67729
5166.8  17.29681
5166.85  15.71955
5166.9  13.3054
5166.95  14.69145
5167.  13.3879
5167.05  12.53681
5167.1  12.79244
5167.15  12.2047
5167.2  14.37069
5167.25  15.36955
5167.3  14.21
5167.35  12.46363
5167.4  13.86554
5167.45  14.70844
5167.5  10.65352
5167.55  13.69853
5167.6  12.0367
5167.65  10.82115
5167.7  15.00331
5167.75  14.60101
5167.8  15.54242
5167.85  14.17152
5167.9  13.23511
5167.95  13.34293
5168.  12.18494
5168.05  15.59065
5168.1  16.10421
5168.15  14.35202
5168.2  15.39147
5168.25  14.33964
5168.3  15.21065
5168.35  17.39164
5168.4  18.63548
5168.45  16.98787
5168.5  14.68859
5168.55  14.83214
5168.6  15.60999
5168.65  14.32513
5168.7  14.2075
5168.75  15.59443
5168.8  13.111
5168.85  13.23279
5168.9  11.26044
5168.95  13.5617
5169.  12.74322
5169.05  12.79729
5169.1  11.64871
5169.15  12.25041
5169.2  12.96986
5169.25  12.789
5169.3  12.17213
5169.35  12.9616
5169.4  12.11003
5169.45  14.88894
5169.5  14.13867
5169.55  14.41122
5169.6  14.53701
5169.65  13.00008
5169.7  14.69447
5169.75  17.44038
5169.8  19.25227
5169.85  15.50587
5169.9  17.81186
5169.95  16.07176
5170.  15.48663
5170.05  15.14145
5170.1  14.95721
5170.15  12.67464
5170.2  14.61838
5170.25  12.97915
5170.3  14.57001
5170.35  11.99782
5170.4  13.57009
5170.45  17.1658
5170.5  14.6413
5170.55  13.64653
5170.6  14.58977
5170.65  13.82732
5170.7  13.47893
5170.75  15.11196
5170.8  15.96573
5170.85  13.93023
5170.9  14.8989
5170.95  15.29058
5171.  14.30137
5171.05  15.30333
5171.1  16.85256
5171.15  15.44201
5171.2  12.79273
5171.25  14.76071
5171.3  14.75219
5171.35  13.91917
5171.4  16.65712
5171.45  13.83454
5171.5  13.34708
5171.55  13.37025
5171.6  12.46589
5171.65  11.56761
5171.7  13.82182
5171.75  14.87318
5171.8  15.04069
5171.85  15.78104
5171.9  14.41049
5171.95  14.67806
5172.  14.07611
5172.05  13.42014
5172.1  10.60911
5172.15  13.84048
5172.2  11.85391
5172.25  9.451579
5172.3  8.968657
5172.35  8.478952
5172.4  12.76867
5172.45  9.625902
5172.5  11.71647
5172.55  10.53872
5172.6  11.44889
5172.65  12.52417
5172.7  13.27013
5172.75  13.24219
5172.8  11.94546
5172.85  11.94026
5172.9  11.61487
5172.95  10.97304
5173.  10.52731
5173.05  11.69536
5173.1  11.18773
5173.15  15.65781
5173.2  14.81086
5173.25  12.71654
5173.3  13.40541
5173.35  11.68271
5173.4  12.79331
5173.45  13.28081
5173.5  14.07313
5173.55  14.61838
5173.6  14.2279
5173.65  12.34586
5173.7  15.77882
5173.75  10.05599
5173.8  10.10695
5173.85  12.70323
5173.9  13.1992
5173.95  16.61694
5174.  15.51772
5174.05  12.3781
5174.1  14.95433
5174.15  17.04047
5174.2  13.77382
5174.25  12.17543
5174.3  14.8151
5174.35  15.91474
5174.4  16.33206
5174.45  15.97003
5174.5  18.33147
5174.55  14.68011
5174.6  14.84072
5174.65  16.28693
5174.7  14.61921
5174.75  15.81628
5174.8  15.49252
5174.85  18.21651
5174.9  15.10559
5174.95  13.63682
5175.  12.32029
5175.05  14.9827
5175.1  12.67024
5175.15  14.25644
5175.2  14.23498
5175.25  10.9874
5175.3  10.25702
5175.35  14.52019
5175.4  13.51517
5175.45  14.3174
5175.5  13.86169
5175.55  16.64884
5175.6  14.87939
5175.65  18.24473
5175.7  19.17997
5175.75  15.65697
5175.8  15.2747
5175.85  13.93042
5175.9  14.70215
5175.95  14.12065
5176.  11.94586
5176.05  15.69458
5176.1  14.53098
5176.15  12.51637
5176.2  14.10847
5176.25  17.52316
5176.3  13.69937
5176.35  18.23302
5176.4  15.01591
5176.45  14.43974
5176.5  13.9414
5176.55  12.99032
5176.6  11.78196
5176.65  16.34237
5176.7  15.43427
5176.75  14.06826
5176.8  15.99903
5176.85  16.33881
5176.9  15.58805
5176.95  16.559
5177.  18.60998
5177.05  16.14437
5177.1  14.66298
5177.15  15.21475
5177.2  11.72812
5177.25  13.31564
5177.3  14.16504
5177.35  15.84708
5177.4  15.85245
5177.45  14.72558
5177.5  16.05753
5177.55  12.84274
5177.6  13.05476
5177.65  12.45604
5177.7  15.11842
5177.75  15.43068
5177.8  12.75605
5177.85  14.41892
5177.9  15.8511
5177.95  13.35954
5178.  14.61044
5178.05  17.11125
5178.1  16.11617
5178.15  15.36337
5178.2  14.91717
5178.25  12.72812
5178.3  13.41599
5178.35  16.88829
5178.4  17.68731
5178.45  15.61607
5178.5  15.33399
5178.55  19.22734
5178.6  17.11308
5178.65  12.80052
5178.7  17.62235
5178.75  16.03077
5178.8  18.66965
5178.85  12.24157
5178.9  15.63404
5178.95  16.0819
5179.  15.99916
5179.05  14.34689
5179.1  13.55538
5179.15  14.4072
5179.2  14.93798
5179.25  15.04451
5179.3  15.43239
5179.35  16.69839
5179.4  17.62247
5179.45  15.51071
5179.5  15.48203
5179.55  18.21465
5179.6  17.61847
5179.65  15.38929
5179.7  14.1369
5179.75  15.38851
5179.8  13.00096
5179.85  15.00257
5179.9  13.37862
5179.95  13.72896
5180.  16.00005
5180.05  14.57059
5180.1  12.66226
5180.15  11.73306
5180.2  12.9611
5180.25  14.16766
5180.3  14.6305
5180.35  13.17503
5180.4  13.80173
5180.45  15.31298
5180.5  13.27465
5180.55  13.22577
5180.6  13.55849
5180.65  13.72757
5180.7  15.6829
5180.75  14.4596
5180.8  12.59649
5180.85  13.90643
5180.9  14.06749
5180.95  14.499
5181.  15.20566
5181.05  12.47394
5181.1  14.73472
5181.15  14.80506
5181.2  15.62541
5181.25  12.8849
5181.3  12.70444
5181.35  12.27985
5181.4  8.912555
5181.45  12.06171
5181.5  14.32648
5181.55  13.61779
5181.6  12.98768
5181.65  16.79717
5181.7  14.38258
5181.75  11.6595
5181.8  14.08788
5181.85  14.03614
5181.9  17.55314
5181.95  15.11078
5182.  13.00274
5182.05  12.90753
5182.1  14.06565
5182.15  17.5803
5182.2  15.54941
5182.25  15.11276
5182.3  16.78321
5182.35  14.55776
5182.4  15.10631
5182.45  13.53197
5182.5  13.06799
5182.55  10.23703
5182.6  13.51195
5182.65  15.33988
5182.7  12.71254
5182.75  13.6475
5182.8  13.46928
5182.85  14.1494
5182.9  11.67156
5182.95  14.33807
5183.  12.73047
5183.05  12.27703
5183.1  14.6691
5183.15  12.72914
5183.2  12.44796
5183.25  11.38095
5183.3  11.50842
5183.35  14.84591
5183.4  14.725
5183.45  14.00766
5183.5  9.699144
5183.55  8.828777
5183.6  13.28478
5183.65  10.18771
5183.7  12.00558
5183.75  10.62101
5183.8  11.32469
5183.85  11.2595
5183.9  11.44461
5183.95  10.33376
5184.  10.32314
5184.05  12.47196
5184.1  12.34964
5184.15  9.212854
5184.2  9.081097
5184.25  12.19489
5184.3  10.1238
5184.35  11.97604
5184.4  11.68953
5184.45  12.27915
5184.5  10.77037
5184.55  11.48435
5184.6  11.20784
5184.65  11.55833
5184.7  10.91808
5184.75  13.35706
5184.8  14.52227
5184.85  15.4085
5184.9  13.56285
5184.95  12.51415
5185.  11.55232
5185.05  15.23032
5185.1  14.38935
5185.15  14.03483
5185.2  14.18717
5185.25  13.89587
5185.3  13.3071
5185.35  13.6518
5185.4  16.34383
5185.45  13.51405
5185.5  14.15133
5185.55  13.39994
5185.6  14.86332
5185.65  11.19731
5185.7  12.56484
5185.75  13.41544
5185.8  14.86268
5185.85  13.28011
5185.9  12.51361
5185.95  12.26727
5186.  14.68031
5186.05  14.66828
5186.1  12.82078
5186.15  11.41648
5186.2  12.40279
5186.25  16.59752
5186.3  14.79358
5186.35  13.46704
5186.4  17.19841
5186.45  13.53917
5186.5  14.22455
5186.55  12.2323
5186.6  14.24244
5186.65  14.52545
5186.7  13.89528
5186.75  13.66302
5186.8  13.99895
5186.85  13.91605
5186.9  11.57208
5186.95  12.93247
5187.  15.616
5187.05  14.44934
5187.1  15.06395
5187.15  17.8072
5187.2  13.12994
5187.25  14.71546
5187.3  16.55126
5187.35  17.2437
5187.4  16.51569
5187.45  14.85864
5187.5  14.49098
5187.55  16.49408
5187.6  18.58706
5187.65  18.17015
5187.7  16.51261
5187.75  18.38451
5187.8  16.98808
5187.85  15.22291
5187.9  16.31441
5187.95  15.43554
5188.  16.59145
5188.05  15.94079
5188.1  14.06496
5188.15  13.18497
5188.2  14.65439
5188.25  16.62225
5188.3  12.17907
5188.35  15.78503
5188.4  17.08145
5188.45  16.48359
5188.5  16.22932
5188.55  14.35555
5188.6  13.23563
5188.65  13.09193
5188.7  15.08825
5188.75  10.32344
5188.8  10.19183
5188.85  11.43598
5188.9  13.45833
5188.95  15.05216
5189.  15.05317
5189.05  15.77507
5189.1  17.02158
5189.15  13.27996
5189.2  14.13887
5189.25  13.21661
5189.3  15.85787
5189.35  15.05965
5189.4  14.54711
5189.45  13.92047
5189.5  15.15137
5189.55  16.35518
5189.6  15.76205
5189.65  16.18091
5189.7  13.55958
5189.75  13.35934
5189.8  17.84375
5189.85  15.98128
5189.9  13.71246
5189.95  15.99412
5190.  17.51989
5190.05  19.42246
5190.1  14.2113
5190.15  16.23874
5190.2  15.34242
5190.25  17.46209
5190.3  17.79685
5190.35  15.68044
5190.4  15.93638
5190.45  11.95123
5190.5  11.92351
5190.55  15.05478
5190.6  17.76875
5190.65  16.82826
5190.7  18.25204
5190.75  17.49757
5190.8  16.05125
5190.85  13.85355
5190.9  15.26105
5190.95  15.56614
5191.  14.60801
5191.05  16.78794
5191.1  21.3763
5191.15  15.32836
5191.2  15.08465
5191.25  15.34227
5191.3  14.16935
5191.35  11.49961
5191.4  14.59478
5191.45  13.8331
5191.5  13.14975
5191.55  13.87066
5191.6  13.58495
5191.65  12.21181
5191.7  10.74451
5191.75  10.82457
5191.8  14.31933
5191.85  17.71476
5191.9  19.88112
5191.95  17.49566
5192.  10.55435
5192.05  11.8993
5192.1  14.9868
5192.15  15.17033
5192.2  15.03077
5192.25  11.22503
5192.3  13.51777
5192.35  14.08767
5192.4  10.09901
5192.45  12.4359
5192.5  16.12651
5192.55  15.57016
5192.6  16.04136
5192.65  14.81801
5192.7  13.63609
5192.75  14.60638
5192.8  12.94412
5192.85  14.3268
5192.9  14.6988
5192.95  13.58428
5193.  16.69374
5193.05  14.42413
5193.1  11.07587
5193.15  13.8723
5193.2  16.72503
5193.25  15.5298
5193.3  15.04352
5193.35  15.33925
5193.4  15.43508
5193.45  14.86304
5193.5  14.96404
5193.55  14.01874
5193.6  15.49525
5193.65  15.90891
5193.7  16.4586
5193.75  14.66644
5193.8  16.4093
5193.85  17.23406
5193.9  15.39776
5193.95  15.37249
5194.  14.1688
5194.05  18.02377
5194.1  15.88128
5194.15  15.7527
5194.2  16.22084
5194.25  14.74654
5194.3  14.4049
5194.35  15.7053
5194.4  14.96659
5194.45  15.60279
5194.5  15.28067
5194.55  16.26943
5194.6  17.57519
5194.65  16.38454
5194.7  15.61571
5194.75  15.03961
5194.8  15.32111
5194.85  18.26208
5194.9  16.92229
5194.95  15.838
5195.  13.09439
5195.05  13.80719
5195.1  15.52565
5195.15  15.88801
5195.2  16.24631
5195.25  13.41062
5195.3  14.01949
5195.35  12.96467
5195.4  15.43711
5195.45  15.75881
5195.5  15.00622
5195.55  13.56392
5195.6  12.5872
5195.65  12.76955
5195.7  13.94861
5195.75  13.57614
5195.8  17.25681
5195.85  17.53106
5195.9  17.82019
5195.95  18.30193
5196.  15.8875
5196.05  13.62447
5196.1  19.24757
5196.15  16.39906
5196.2  13.72069
5196.25  13.37007
5196.3  16.17151
5196.35  15.4254
5196.4  13.46012
5196.45  14.63277
5196.5  13.9929
5196.55  12.12063
5196.6  16.11103
5196.65  12.17262
5196.7  12.22586
5196.75  17.32281
5196.8  17.94595
5196.85  15.50213
5196.9  16.15053
5196.95  16.95628
5197.  15.25753
5197.05  17.75062
5197.1  17.61941
5197.15  17.38354
5197.2  15.33707
5197.25  16.24807
5197.3  16.28585
5197.35  17.17923
5197.4  20.29687
5197.45  16.22686
5197.5  11.61422
5197.55  12.87243
5197.6  13.78347
5197.65  14.15266
5197.7  18.17104
5197.75  21.84178
5197.8  30.5877
5197.85  45.55627
5197.9  53.6359
5197.95  56.70995
5198.  39.55532
5198.05  29.18044
5198.1  19.9318
5198.15  18.07889
5198.2  18.12572
5198.25  20.51853
5198.3  14.39139
5198.35  14.08265
5198.4  16.60611
5198.45  21.27721
5198.5  18.76463
5198.55  18.29194
5198.6  16.20626
5198.65  15.65839
5198.7  15.02456
5198.75  14.50247
5198.8  13.95879
5198.85  15.02593
5198.9  14.60209
5198.95  17.30808
5199.  15.47501
5199.05  13.88489
5199.1  12.33052
5199.15  15.49991
5199.2  15.38738
5199.25  13.69241
5199.3  15.68052
5199.35  15.59548
5199.4  14.71892
5199.45  14.35836
5199.5  18.95899
5199.55  17.25543
5199.6  16.60796
5199.65  14.6609
5199.7  15.28099
5199.75  15.05019
5199.8  15.06154
5199.85  15.57179
5199.9  18.29956
5199.95  14.16404
5200.  16.84126
5200.05  15.60298
5200.1  18.10734
5200.15  22.57279
5200.2  36.05569
5200.25  33.45588
5200.3  34.42009
5200.35  28.52412
5200.4  21.86714
5200.45  19.3215
5200.5  18.66252
5200.55  16.94096
5200.6  13.94577
5200.65  14.51695
5200.7  14.64767
5200.75  16.85489
5200.8  18.46269
5200.85  15.01172
5200.9  15.19253
5200.95  17.69607
5201.  19.43669
5201.05  18.29559
5201.1  18.55931
5201.15  16.20149
5201.2  19.15007
5201.25  16.00524
5201.3  15.03364
5201.35  15.46088
5201.4  14.75162
5201.45  13.16401
5201.5  17.06707
5201.55  14.88503
5201.6  17.59547
5201.65  15.67029
5201.7  13.00241
5201.75  17.92798
5201.8  19.86978
5201.85  15.12651
5201.9  16.5962
5201.95  16.44348
5202.  15.03565
5202.05  14.74723
5202.1  19.97852
5202.15  16.41784
5202.2  13.31021
5202.25  16.56805
5202.3  13.43118
5202.35  15.53233
5202.4  16.14412
5202.45  17.40629
5202.5  17.06442
5202.55  15.69353
5202.6  14.16515
5202.65  14.1512
5202.7  13.78392
5202.75  15.13684
5202.8  16.26324
5202.85  16.69756
5202.9  19.37042
5202.95  18.56998
5203.  20.71061
5203.05  24.64132
5203.1  15.403
5203.15  18.85651
5203.2  14.41219
5203.25  13.61027
5203.3  16.50567
5203.35  18.3483
5203.4  17.45137
5203.45  18.50578
5203.5  12.59446
5203.55  15.9428
5203.6  15.67276
5203.65  16.07035
5203.7  15.008
5203.75  13.89241
5203.8  11.24663
5203.85  15.59715
5203.9  14.9736
5203.95  16.08295
5204.  14.73618
5204.05  13.60514
5204.1  14.5817
5204.15  17.32814
5204.2  10.44915
5204.25  9.77113
5204.3  13.65116
5204.35  14.26984
5204.4  15.84595
5204.45  14.28872
5204.5  10.02503
5204.55  10.23996
5204.6  12.19215
5204.65  12.42395
5204.7  11.62723
5204.75  16.99882
5204.8  17.97985
5204.85  17.32563
5204.9  18.46689
5204.95  15.21959
5205.  15.38609
5205.05  13.80857
5205.1  15.17096
5205.15  14.51539
5205.2  16.3348
5205.25  17.26508
5205.3  18.64063
5205.35  17.16063
5205.4  15.48215
5205.45  13.64981
5205.5  13.34781
5205.55  17.18004
5205.6  16.60372
5205.65  14.78674
5205.7  14.2539
5205.75  12.99941
5205.8  12.07824
5205.85  12.40167
5205.9  12.99724
5205.95  12.53015
5206.  13.52534
5206.05  12.97691
5206.1  8.469849
5206.15  9.374204
5206.2  11.20567
5206.25  12.49954
5206.3  16.3223
5206.35  16.00903
5206.4  14.33044
5206.45  11.55923
5206.5  11.97525
5206.55  14.76986
5206.6  14.14051
5206.65  17.83568
5206.7  17.19353
5206.75  15.10174
5206.8  18.80641
5206.85  16.96657
5206.9  17.43251
5206.95  15.19538
5207.  15.70364
5207.05  16.31755
5207.1  15.36482
5207.15  15.09529
5207.2  16.32082
5207.25  14.32637
5207.3  11.79075
5207.35  12.14776
5207.4  13.99287
5207.45  16.84436
5207.5  17.40872
5207.55  12.70247
5207.6  15.39196
5207.65  14.77171
5207.7  11.70903
5207.75  13.24651
5207.8  15.36738
5207.85  17.10575
5207.9  18.88655
5207.95  15.15264
5208.  13.7576
5208.05  15.01544
5208.1  13.8649
5208.15  14.28904
5208.2  16.12512
5208.25  15.65075
5208.3  19.91516
5208.35  15.98195
5208.4  13.94726
5208.45  13.66507
5208.5  13.91071
5208.55  12.82775
5208.6  15.02799
5208.65  14.74585
5208.7  14.418
5208.75  16.56992
5208.8  16.61193
5208.85  13.34027
5208.9  16.18612
5208.95  16.46267
5209.  16.07476
5209.05  17.7985
5209.1  17.92411
5209.15  16.22972
5209.2  12.72369
5209.25  16.60403
5209.3  17.35785
5209.35  19.85929
5209.4  17.56218
5209.45  16.89391
5209.5  16.27571
5209.55  16.42037
5209.6  16.6463
5209.65  18.18224
5209.7  16.29733
5209.75  17.17605
5209.8  13.62886
5209.85  13.55493
5209.9  16.94418
5209.95  15.929
5210.  10.80787
5210.05  11.85912
5210.1  14.22931
5210.15  17.01037
5210.2  15.2346
5210.25  16.16363
5210.3  17.89443
5210.35  15.08553
5210.4  14.23139
5210.45  16.22861
5210.5  18.26022
5210.55  20.69012
5210.6  16.26842
5210.65  18.48505
5210.7  20.19406
5210.75  18.83925
5210.8  15.76976
5210.85  15.91281
5210.9  16.35376
5210.95  15.43813
5211.  16.45486
5211.05  15.14747
5211.1  14.36829
5211.15  15.10251
5211.2  15.05956
5211.25  12.26004
5211.3  13.14172
5211.35  17.13942
5211.4  14.92854
5211.45  15.734
5211.5  16.45626
5211.55  15.9489
5211.6  12.37123
5211.65  14.87965
5211.7  13.67597
5211.75  14.49305
5211.8  14.26781
5211.85  17.63053
5211.9  12.95911
5211.95  18.79942
5212.  17.64482
5212.05  16.52954
5212.1  13.49222
5212.15  15.45341
5212.2  15.36505
5212.25  17.36017
5212.3  12.73428
5212.35  17.46569
5212.4  18.91951
5212.45  14.86059
5212.5  17.56995
5212.55  15.27703
5212.6  16.30141
5212.65  16.94788
5212.7  16.8597
5212.75  16.73726
5212.8  16.69118
5212.85  18.69207
5212.9  15.95174
5212.95  16.67476
5213.  17.73355
5213.05  18.15663
5213.1  21.36208
5213.15  17.4339
5213.2  12.70737
5213.25  13.925
5213.3  16.30704
5213.35  18.27322
5213.4  14.90816
5213.45  18.12279
5213.5  16.36748
5213.55  17.0022
5213.6  17.29435
5213.65  16.80448
5213.7  13.68318
5213.75  16.12313
5213.8  15.51848
5213.85  16.09498
5213.9  17.65018
5213.95  18.42928
5214.  17.63633
5214.05  17.2347
5214.1  16.33169
5214.15  16.9502
5214.2  15.69373
5214.25  18.65834
5214.3  15.99391
5214.35  16.21309
5214.4  15.079
5214.45  14.88165
5214.5  18.50939
5214.55  12.96092
5214.6  15.74275
5214.65  15.90402
5214.7  12.36027
5214.75  16.5746
5214.8  17.95874
5214.85  18.94608
5214.9  18.49438
5214.95  15.53342
5215.  16.35715
5215.05  13.24354
5215.1  14.8739
5215.15  13.43553
5215.2  14.09089
5215.25  13.26359
5215.3  14.41758
5215.35  17.0285
5215.4  16.54784
5215.45  13.90481
5215.5  13.0029
5215.55  14.16473
5215.6  14.12032
5215.65  16.61909
5215.7  14.4044
5215.75  17.53136
5215.8  18.16623
5215.85  17.45771
5215.9  15.67558
5215.95  17.75408
5216.  14.88039
5216.05  14.90054
5216.1  16.10174
5216.15  16.58618
5216.2  16.12823
5216.25  16.49952
5216.3  12.80466
5216.35  14.28233
5216.4  14.838
5216.45  15.47375
5216.5  17.18745
5216.55  15.37645
5216.6  16.69916
5216.65  16.96776
5216.7  14.41032
5216.75  16.60959
5216.8  14.1746
5216.85  13.88785
5216.9  15.31512
5216.95  14.7697
5217.  10.94954
5217.05  16.2282
5217.1  16.30627
5217.15  17.38868
5217.2  16.20947
5217.25  17.76234
5217.3  18.90971
5217.35  16.75771
5217.4  17.66425
5217.45  17.84549
5217.5  15.48698
5217.55  13.93265
5217.6  15.59637
5217.65  18.28136
5217.7  18.04557
5217.75  17.45883
5217.8  17.39928
5217.85  15.17152
5217.9  15.0233
5217.95  17.18037
5218.  17.06054
5218.05  13.8691
5218.1  10.59979
5218.15  19.73687
5218.2  17.65733
5218.25  16.28885
5218.3  13.44974
5218.35  16.89737
5218.4  17.33741
5218.45  19.32674
5218.5  20.64763
5218.55  18.59215
5218.6  18.43247
5218.65  22.04506
5218.7  15.76729
5218.75  14.54797
5218.8  18.55307
5218.85  18.28453
5218.9  18.61933
5218.95  18.35783
5219.  20.3562
5219.05  17.49401
5219.1  18.9474
5219.15  19.03597
5219.2  14.7141
5219.25  13.19676
5219.3  13.99605
5219.35  16.88518
5219.4  16.54575
5219.45  14.87377
5219.5  15.95166
5219.55  20.38752
5219.6  19.06182
5219.65  17.06761
5219.7  15.81231
5219.75  16.40759
5219.8  15.52336
5219.85  16.21522
5219.9  15.00124
5219.95  15.11247
5220.  13.16278
5220.05  14.28506
5220.1  18.12463
5220.15  20.29376
5220.2  15.7851
5220.25  12.36484
5220.3  17.74924
5220.35  18.11345
5220.4  17.09115
5220.45  17.12227
5220.5  16.30147
5220.55  17.6214
5220.6  17.43932
5220.65  13.69894
5220.7  17.58454
5220.75  18.89426
5220.8  18.15763
5220.85  19.96787
5220.9  18.30048
5220.95  18.37976
5221.  15.28669
5221.05  16.81367
5221.1  16.41262
5221.15  17.50524
5221.2  18.2446
5221.25  16.70747
5221.3  17.30133
5221.35  17.49943
5221.4  16.8394
5221.45  17.0935
5221.5  16.42512
5221.55  19.32188
5221.6  17.16047
5221.65  18.4401
5221.7  17.34801
5221.75  14.82609
5221.8  15.02575
5221.85  16.45391
5221.9  15.84079
5221.95  17.80672
5222.  16.5739
5222.05  16.19197
5222.1  20.60524
5222.15  17.29605
5222.2  15.35935
5222.25  18.76785
5222.3  19.01874
5222.35  21.33648
5222.4  16.7246
5222.45  15.46936
5222.5  18.48079
5222.55  19.30255
5222.6  16.49676
5222.65  17.48705
5222.7  15.85745
5222.75  15.31228
5222.8  15.06623
5222.85  18.38791
5222.9  21.00734
5222.95  23.69815
5223.  18.50533
5223.05  13.97954
5223.1  15.9366
5223.15  16.74899
5223.2  16.55595
5223.25  18.3235
5223.3  16.30049
5223.35  18.13597
5223.4  19.08389
5223.45  17.90321
5223.5  20.63016
5223.55  13.57058
5223.6  19.84028
5223.65  18.00987
5223.7  18.38148
5223.75  17.06988
5223.8  16.93599
5223.85  16.79378
5223.9  21.53204
5223.95  19.6031
5224.  23.18227
5224.05  23.74287
5224.1  23.43081
5224.15  19.95476
5224.2  20.33755
5224.25  18.22067
5224.3  16.54009
5224.35  16.12307
5224.4  16.98809
5224.45  13.89665
5224.5  15.65948
5224.55  18.65639
5224.6  17.63024
5224.65  17.59875
5224.7  17.41125
5224.75  18.24295
5224.8  16.61874
5224.85  18.89443
5224.9  18.51608
5224.95  19.04994
5225.  19.85557
5225.05  15.653
5225.1  14.22832
5225.15  20.1307
5225.2  18.95641
5225.25  18.52753
5225.3  17.08725
5225.35  18.28428
5225.4  18.69614
5225.45  17.34845
5225.5  17.66632
5225.55  17.09311
5225.6  14.74308
5225.65  14.69862
5225.7  16.172
5225.75  17.80746
5225.8  17.52052
5225.85  15.77325
5225.9  14.18742
5225.95  16.28215
5226.  19.00858
5226.05  19.26873
5226.1  21.77045
5226.15  19.5778
5226.2  19.82952
5226.25  16.97534
5226.3  15.8078
5226.35  15.16926
5226.4  15.24015
5226.45  16.34149
5226.5  17.77979
5226.55  13.12243
5226.6  14.30425
5226.65  16.3282
5226.7  14.96903
5226.75  15.12426
5226.8  16.00297
5226.85  18.88838
5226.9  18.24043
5226.95  15.89606
5227.  18.62763
5227.05  16.77042
5227.1  14.19954
5227.15  13.78346
5227.2  15.57718
5227.25  20.10085
5227.3  18.95457
5227.35  15.01654
5227.4  15.92112
5227.45  18.20592
5227.5  18.71207
5227.55  21.4152
5227.6  17.23706
5227.65  18.07058
5227.7  18.00194
5227.75  16.19643
5227.8  17.28306
5227.85  17.42372
5227.9  13.87373
5227.95  17.54586
5228.  18.92228
5228.05  14.62205
5228.1  15.78378
5228.15  16.9818
5228.2  16.13868
5228.25  15.16156
5228.3  13.37111
5228.35  16.28417
5228.4  17.01951
5228.45  13.70251
5228.5  15.02383
5228.55  18.59067
5228.6  17.29302
5228.65  17.75879
5228.7  19.83931
5228.75  20.47749
5228.8  17.58477
5228.85  18.04777
5228.9  15.15734
5228.95  16.00784
5229.  15.09867
5229.05  18.02733
5229.1  20.90566
5229.15  18.61637
5229.2  19.05884
5229.25  20.84927
5229.3  17.36549
5229.35  18.16873
5229.4  15.10159
5229.45  16.8807
5229.5  17.41439
5229.55  15.54679
5229.6  20.93699
5229.65  14.87203
5229.7  17.67114
5229.75  16.47642
5229.8  16.34232
5229.85  19.60636
5229.9  17.45207
5229.95  14.74344
5230.  13.20939
5230.05  17.08275
5230.1  19.50437
5230.15  19.84253
5230.2  15.99049
5230.25  17.97814
5230.3  14.12951
5230.35  16.68412
5230.4  18.44017
5230.45  19.69777
5230.5  18.26133
5230.55  19.75294
5230.6  14.31969
5230.65  14.66736
5230.7  17.9794
5230.75  15.98135
5230.8  18.36325
5230.85  19.60604
5230.9  15.18699
5230.95  15.67209
5231.  16.76079
5231.05  17.51423
5231.1  21.45731
5231.15  18.31909
5231.2  19.99154
5231.25  20.61363
5231.3  17.43921
5231.35  22.41899
5231.4  21.83252
5231.45  22.81031
5231.5  21.15894
5231.55  20.00127
5231.6  21.66502
5231.65  21.52
5231.7  20.67449
5231.75  22.14303
5231.8  20.18596
5231.85  19.63251
5231.9  16.08493
5231.95  15.99402
5232.  16.52273
5232.05  17.93321
5232.1  18.66743
5232.15  20.49881
5232.2  21.44157
5232.25  16.89562
5232.3  16.376
5232.35  19.7244
5232.4  15.1807
5232.45  19.53982
5232.5  20.58181
5232.55  17.05893
5232.6  18.90214
5232.65  20.15638
5232.7  15.7441
5232.75  15.31992
5232.8  14.73749
5232.85  14.82486
5232.9  17.06058
5232.95  17.92439
5233.  17.70873
5233.05  17.35518
5233.1  17.72345
5233.15  16.78822
5233.2  17.28905
5233.25  17.94478
5233.3  20.08097
5233.35  22.07335
5233.4  20.59772
5233.45  16.13827
5233.5  17.53727
5233.55  17.84967
5233.6  20.68551
5233.65  19.65376
5233.7  19.5223
5233.75  17.90323
5233.8  16.30415
5233.85  16.7565
5233.9  17.5954
5233.95  18.86507
5234.  19.92977
5234.05  14.61292
5234.1  19.05183
5234.15  21.61082
5234.2  16.93081
5234.25  16.76801
5234.3  19.99278
5234.35  18.48566
5234.4  21.38784
5234.45  20.36131
5234.5  18.10579
5234.55  16.25801
5234.6  19.5637
5234.65  18.52927
5234.7  19.57354
5234.75  14.62972
5234.8  16.08426
5234.85  18.96274
5234.9  17.96935
5234.95  20.09689
5235.  19.33791
5235.05  17.39663
5235.1  19.40521
5235.15  17.89812
5235.2  14.71571
5235.25  19.32864
5235.3  19.53012
5235.35  21.62368
5235.4  19.39
5235.45  18.50655
5235.5  22.49543
5235.55  14.4302
5235.6  18.26717
5235.65  18.99388
5235.7  16.10886
5235.75  18.29819
5235.8  16.48474
5235.85  20.36558
5235.9  18.60357
5235.95  18.05399
5236.  19.67316
5236.05  18.50829
5236.1  16.11319
5236.15  16.59052
5236.2  18.56464
5236.25  19.05191
5236.3  21.03825
5236.35  16.88617
5236.4  19.06805
5236.45  19.48077
5236.5  16.4034
5236.55  16.68439
5236.6  20.68684
5236.65  17.59741
5236.7  17.24981
5236.75  19.62836
5236.8  16.48336
5236.85  15.57071
5236.9  19.99641
5236.95  19.09908
5237.  17.76805
5237.05  16.85464
5237.1  18.05721
5237.15  20.90704
5237.2  17.33747
5237.25  17.94418
5237.3  19.72712
5237.35  15.78807
5237.4  17.53503
5237.45  19.27477
5237.5  13.53584
5237.55  18.85505
5237.6  16.57098
5237.65  18.41705
5237.7  17.66596
5237.75  13.71077
5237.8  15.65246
5237.85  15.99298
5237.9  21.6528
5237.95  18.71343
5238.  19.12773
5238.05  17.24467
5238.1  13.47849
5238.15  18.14923
5238.2  21.68049
5238.25  21.29527
5238.3  19.67413
5238.35  22.71465
5238.4  19.29989
5238.45  18.25687
5238.5  20.16882
5238.55  21.33621
5238.6  19.93528
5238.65  20.04469
5238.7  16.30968
5238.75  18.74203
5238.8  21.06989
5238.85  22.79201
5238.9  22.15065
5238.95  19.78062
5239.  16.46459
5239.05  19.79427
5239.1  15.64826
5239.15  21.79044
5239.2  26.13939
5239.25  19.50402
5239.3  19.41946
5239.35  16.93093
5239.4  20.44467
5239.45  20.53384
5239.5  19.62812
5239.55  15.67437
5239.6  13.46745
5239.65  16.46966
5239.7  20.13467
5239.75  20.73372
5239.8  18.50479
5239.85  18.68125
5239.9  16.92437
5239.95  17.00568
5240.  19.59577
5240.05  17.89477
5240.1  20.1859
5240.15  20.33712
5240.2  19.64889
5240.25  19.28386
5240.3  21.02574
5240.35  18.99847
5240.4  18.35809
5240.45  17.89404
5240.5  19.71317
5240.55  21.14978
5240.6  20.03252
5240.65  23.48499
5240.7  22.2259
5240.75  21.49405
5240.8  21.21874
5240.85  17.65939
5240.9  18.07187
5240.95  17.82158
5241.  19.43195
5241.05  19.69877
5241.1  18.66762
5241.15  18.3986
5241.2  19.8759
5241.25  20.71564
5241.3  20.51743
5241.35  17.13712
5241.4  20.10373
5241.45  20.82068
5241.5  16.51126
5241.55  15.79499
5241.6  19.20047
5241.65  16.58739
5241.7  17.46455
5241.75  19.44408
5241.8  19.49564
5241.85  16.46412
5241.9  18.49295
5241.95  18.99187
5242.  19.09873
5242.05  18.86469
5242.1  15.1629
5242.15  15.06233
5242.2  18.98344
5242.25  18.6521
5242.3  18.50293
5242.35  21.71838
5242.4  19.52631
5242.45  16.97182
5242.5  17.57005
5242.55  18.45539
5242.6  17.4826
5242.65  18.60096
5242.7  20.13235
5242.75  16.03753
5242.8  13.5572
5242.85  18.22023
5242.9  18.57144
5242.95  16.85541
5243.  18.51616
5243.05  13.95056
5243.1  17.91701
5243.15  16.9919
5243.2  17.8892
5243.25  19.02977
5243.3  20.33605
5243.35  20.029
5243.4  18.75464
5243.45  16.82666
5243.5  14.16183
5243.55  16.38909
5243.6  21.50804
5243.65  14.40728
5243.7  17.95875
5243.75  16.62719
5243.8  16.86332
5243.85  14.93637
5243.9  17.69015
5243.95  17.32958
5244.  17.07008
5244.05  17.85036
5244.1  19.53396
5244.15  21.69265
5244.2  17.64573
5244.25  17.02813
5244.3  17.69175
5244.35  16.8299
5244.4  16.42066
5244.45  18.16356
5244.5  16.35449
5244.55  15.85319
5244.6  18.82502
5244.65  22.31112
5244.7  13.93342
5244.75  18.04081
5244.8  18.97947
5244.85  15.86274
5244.9  18.25611
5244.95  17.90462
5245.  17.13784
5245.05  15.93877
5245.1  14.81495
5245.15  15.56656
5245.2  15.02649
5245.25  16.24269
5245.3  15.42866
5245.35  14.29236
5245.4  15.10609
5245.45  17.48137
5245.5  15.28003
5245.55  16.90801
5245.6  16.24866
5245.65  13.9316
5245.7  13.53445
5245.75  15.7983
5245.8  17.97269
5245.85  13.92182
5245.9  16.69114
5245.95  16.48011
5246.  19.56491
5246.05  19.31664
5246.1  16.16471
5246.15  14.39967
5246.2  18.59061
5246.25  18.80362
5246.3  20.25346
5246.35  19.47799
5246.4  20.30726
5246.45  20.24879
5246.5  15.79755
5246.55  17.07627
5246.6  17.33217
5246.65  19.76572
5246.7  18.32907
5246.75  17.10206
5246.8  18.50511
5246.85  15.79395
5246.9  17.23273
5246.95  16.61279
5247.  23.67889
5247.05  17.11783
5247.1  18.64038
5247.15  18.22883
5247.2  18.12703
5247.25  20.08654
5247.3  18.31896
5247.35  14.88127
5247.4  18.31553
5247.45  22.06598
5247.5  16.5507
5247.55  16.27895
5247.6  18.08502
5247.65  15.41337
5247.7  18.06965
5247.75  22.08899
5247.8  18.00774
5247.85  18.89261
5247.9  16.68829
5247.95  19.06319
5248.  16.72586
5248.05  14.51561
5248.1  14.44932
5248.15  18.89149
5248.2  20.03514
5248.25  16.68983
5248.3  11.94598
5248.35  19.81123
5248.4  14.49624
5248.45  16.45567
5248.5  18.99574
5248.55  19.35439
5248.6  18.73413
5248.65  20.04974
5248.7  19.69036
5248.75  20.68749
5248.8  16.1024
5248.85  15.34844
5248.9  15.47057
5248.95  17.04954
5249.  17.92899
5249.05  19.42165
5249.1  18.41143
5249.15  17.3593
5249.2  15.70266
5249.25  17.50839
5249.3  18.0507
5249.35  18.63785
5249.4  19.76352
5249.45  19.28372
5249.5  14.98689
5249.55  12.63572
5249.6  20.07103
5249.65  20.17241
5249.7  18.67427
5249.75  18.39726
5249.8  17.37725
5249.85  23.03127
5249.9  21.43399
5249.95  22.03461
5250.  15.78753
5250.05  16.02147
5250.1  19.5312
5250.15  19.10783
5250.2  15.44171
5250.25  16.24672
5250.3  17.17173
5250.35  20.55002
5250.4  16.19295
5250.45  16.80217
5250.5  14.35978
5250.55  17.06428
5250.6  20.014
5250.65  19.61197
5250.7  18.03399
5250.75  17.80182
5250.8  18.38658
5250.85  17.22026
5250.9  21.30359
5250.95  22.80804
5251.  22.21612
5251.05  22.6963
5251.1  22.81237
5251.15  17.49881
5251.2  17.65925
5251.25  19.14257
5251.3  17.5085
5251.35  17.61565
5251.4  15.64094
5251.45  17.58027
5251.5  18.82849
5251.55  21.68855
5251.6  25.76668
5251.65  20.61894
5251.7  20.63182
5251.75  23.60396
5251.8  19.51407
5251.85  14.89809
5251.9  14.2385
5251.95  22.27135
5252.  17.46801
5252.05  17.50219
5252.1  16.86343
5252.15  15.61615
5252.2  18.71136
5252.25  18.5283
5252.3  16.96012
5252.35  15.25818
5252.4  15.7625
5252.45  20.41464
5252.5  17.18087
5252.55  17.48566
5252.6  12.46129
5252.65  18.47517
5252.7  17.55805
5252.75  17.23981
5252.8  19.67276
5252.85  20.82119
5252.9  20.08585
5252.95  19.22182
5253.  17.23043
5253.05  18.52963
5253.1  19.48137
5253.15  13.79957
5253.2  18.90083
5253.25  21.96818
5253.3  16.85433
5253.35  17.54925
5253.4  21.28384
5253.45  18.42775
5253.5  20.47774
5253.55  20.78757
5253.6  20.14365
5253.65  19.41864
5253.7  19.71539
5253.75  15.63145
5253.8  18.94752
5253.85  17.48906
5253.9  16.44737
5253.95  16.61932
5254.  15.96134
5254.05  19.50359
5254.1  18.69055
5254.15  18.00812
5254.2  18.53403
5254.25  20.89209
5254.3  22.26293
5254.35  17.51493
5254.4  19.98546
5254.45  21.16348
5254.5  23.62957
5254.55  22.20977
5254.6  22.58207
5254.65  17.99795
5254.7  20.06411
5254.75  16.73397
5254.8  19.79733
5254.85  16.23932
5254.9  17.18428
5254.95  16.24915
5255.  16.77078
5255.05  18.66409
5255.1  19.44921
5255.15  18.6813
5255.2  14.18224
5255.25  17.42805
5255.3  17.32381
5255.35  20.39273
5255.4  23.06731
5255.45  18.97354
5255.5  17.74511
5255.55  18.99678
5255.6  14.03338
5255.65  22.18185
5255.7  16.2246
5255.75  17.99522
5255.8  16.8205
5255.85  15.18366
5255.9  15.62508
5255.95  21.69297
5256.  25.17801
5256.05  23.20533
5256.1  18.38147
5256.15  19.05585
5256.2  18.14065
5256.25  17.71133
5256.3  16.73436
5256.35  23.12924
5256.4  16.76362
5256.45  15.57094
5256.5  15.6171
5256.55  15.92883
5256.6  18.12903
5256.65  18.64272
5256.7  16.64716
5256.75  19.56232
5256.8  15.71096
5256.85  17.33058
5256.9  19.73072
5256.95  20.39641
5257.  22.74993
5257.05  20.72868
5257.1  15.78022
5257.15  16.29917
5257.2  17.53169
5257.25  18.62567
5257.3  18.96906
5257.35  22.09925
5257.4  17.51424
5257.45  21.33251
5257.5  21.84358
5257.55  20.81003
5257.6  16.6591
5257.65  15.66213
5257.7  20.91417
5257.75  17.63871
5257.8  22.33727
5257.85  22.8723
5257.9  19.56416
5257.95  22.35174
5258.  23.57183
5258.05  21.10734
5258.1  20.40816
5258.15  20.0501
5258.2  19.77363
5258.25  21.97973
5258.3  16.58369
5258.35  21.0223
5258.4  22.79704
5258.45  23.53873
5258.5  21.88748
5258.55  21.74887
5258.6  23.12201
5258.65  18.30869
5258.7  18.98134
5258.75  20.67634
5258.8  21.14186
5258.85  18.6004
5258.9  18.39358
5258.95  17.95383
5259.  17.3966
5259.05  18.58739
5259.1  16.64285
5259.15  19.10828
5259.2  26.16767
5259.25  19.65848
5259.3  16.87563
5259.35  23.82988
5259.4  12.75386
5259.45  16.17638
5259.5  18.15995
5259.55  18.18566
5259.6  15.97693
5259.65  19.0084
5259.7  20.35521
5259.75  16.58643
5259.8  15.94263
5259.85  14.55306
5259.9  17.56745
5259.95  20.37856
5260.  15.98804
5260.05  19.72806
5260.1  21.55317
5260.15  23.33682
5260.2  22.5485
5260.25  17.82361
5260.3  16.9714
5260.35  18.83613
5260.4  21.42657
5260.45  21.56657
5260.5  20.42651
5260.55  17.80089
5260.6  21.0788
5260.65  20.64015
5260.7  20.89409
5260.75  20.17771
5260.8  21.80345
5260.85  17.97093
5260.9  16.76952
5260.95  15.71835
5261.  18.68718
5261.05  18.84588
5261.1  17.40255
5261.15  17.12957
5261.2  20.30572
5261.25  20.10124
5261.3  18.04
5261.35  15.95173
5261.4  14.84593
5261.45  20.67652
5261.5  21.40434
5261.55  19.30936
5261.6  21.10369
5261.65  18.71229
5261.7  16.35183
5261.75  17.12714
5261.8  16.75911
5261.85  14.65572
5261.9  16.62345
5261.95  17.26167
5262.  17.77616
5262.05  17.9728
5262.1  17.11955
5262.15  18.69977
5262.2  15.89076
5262.25  17.8884
5262.3  16.94908
5262.35  20.20402
5262.4  15.41757
5262.45  14.20938
5262.5  15.03592
5262.55  14.69541
5262.6  20.09987
5262.65  17.25851
5262.7  14.84105
5262.75  24.68865
5262.8  17.97883
5262.85  17.88722
5262.9  16.85501
5262.95  15.47082
5263.  18.18278
5263.05  20.8256
5263.1  19.92183
5263.15  14.32633
5263.2  17.19909
5263.25  17.82154
5263.3  23.53452
5263.35  20.3232
5263.4  15.92542
5263.45  15.1513
5263.5  19.22222
5263.55  22.79702
5263.6  20.59008
5263.65  21.74259
5263.7  21.22503
5263.75  17.14037
5263.8  16.05182
5263.85  16.00962
5263.9  16.49927
5263.95  13.10121
5264.  16.22237
5264.05  19.75666
5264.1  17.50463
5264.15  16.53833
5264.2  16.72925
5264.25  17.7253
5264.3  14.20931
5264.35  15.32882
5264.4  15.19261
5264.45  14.00709
5264.5  14.27892
5264.55  13.0102
5264.6  13.99185
5264.65  12.46664
5264.7  23.81986
5264.75  17.82443
5264.8  19.86566
5264.85  18.27443
5264.9  20.33658
5264.95  16.66565
5265.  21.19057
5265.05  17.48484
5265.1  23.44456
5265.15  20.9695
5265.2  23.45329
5265.25  21.56363
5265.3  20.07434
5265.35  22.19259
5265.4  20.96406
5265.45  18.71616
5265.5  17.07724
5265.55  19.58846
5265.6  18.87673
5265.65  16.46012
5265.7  15.66048
5265.75  17.90926
5265.8  21.2291
5265.85  24.1134
5265.9  22.08681
5265.95  16.26
5266.  16.32634
5266.05  19.86294
5266.1  15.8458
5266.15  16.21615
5266.2  17.80555
5266.25  17.77581
5266.3  16.70961
5266.35  15.38385
5266.4  19.66922
5266.45  21.73256
5266.5  17.93288
5266.55  16.25265
5266.6  17.30481
5266.65  15.32527
5266.7  16.88198
5266.75  18.83941
5266.8  17.72144
5266.85  14.59422
5266.9  21.02025
5266.95  21.3105
5267.  19.01487
5267.05  21.36206
5267.1  20.30887
5267.15  19.1741
5267.2  20.59637
5267.25  20.1804
5267.3  17.53962
5267.35  18.86758
5267.4  23.44315
5267.45  18.33674
5267.5  18.08881
5267.55  20.94806
5267.6  15.22871
5267.65  17.45868
5267.7  14.46098
5267.75  12.50118
5267.8  14.48819
5267.85  16.46435
5267.9  15.43494
5267.95  17.05716
5268.  16.71592
5268.05  18.74591
5268.1  18.84248
5268.15  16.50336
5268.2  14.51552
5268.25  15.66851
5268.3  20.031
5268.35  21.95694
5268.4  19.67211
5268.45  15.57901
5268.5  19.50578
5268.55  19.35401
5268.6  14.9195
5268.65  14.50804
5268.7  20.09975
5268.75  17.72189
5268.8  17.27372
5268.85  18.80617
5268.9  19.4944
5268.95  19.05856
5269.  22.53315
5269.05  20.57117
5269.1  20.81581
5269.15  17.26847
5269.2  14.19609
5269.25  13.35916
5269.3  13.89831
5269.35  15.95227
5269.4  18.41243
5269.45  16.0351
5269.5  15.38959
5269.55  17.69572
5269.6  14.49585
5269.65  16.86007
5269.7  17.62067
5269.75  15.48875
5269.8  14.90124
5269.85  14.18177
5269.9  18.0058
5269.95  19.78463
5270.  15.5267
5270.05  14.62709
5270.1  17.93998
5270.15  17.4245
5270.2  16.09701
5270.25  15.48837
5270.3  12.18806
5270.35  17.07122
5270.4  14.07048
5270.45  18.32416
5270.5  21.65442
5270.55  17.52713
5270.6  15.90616
5270.65  16.7426
5270.7  19.28964
5270.75  20.83205
5270.8  19.87903
5270.85  15.83797
5270.9  19.26543
5270.95  18.11376
5271.  15.31725
5271.05  19.27436
5271.1  20.37802
5271.15  20.73795
5271.2  13.34762
5271.25  17.69349
5271.3  16.59375
5271.35  10.21082
5271.4  17.67012
5271.45  17.20771
5271.5  17.03066
5271.55  18.34899
5271.6  24.53683
5271.65  18.38227
5271.7  18.41217
5271.75  18.46485
5271.8  22.56104
5271.85  18.45889
5271.9  20.11417
5271.95  18.29404
5272.  17.22083
5272.05  17.93371
5272.1  18.97159
5272.15  19.95633
5272.2  19.12595
5272.25  18.41094
5272.3  18.2403
5272.35  20.19673
5272.4  19.52346
5272.45  20.40377
5272.5  14.27223
5272.55  20.99639
5272.6  26.70779
5272.65  20.554
5272.7  24.04598
5272.75  19.22696
5272.8  23.29993
5272.85  19.13998
5272.9  21.04169
5272.95  18.263
5273.  21.72906
5273.05  20.96917
5273.1  16.24459
5273.15  16.27372
5273.2  18.53349
5273.25  16.34653
5273.3  20.47022
5273.35  19.01311
5273.4  15.49025
5273.45  18.84647
5273.5  17.19168
5273.55  14.43432
5273.6  18.07147
5273.65  20.99353
5273.7  20.05771
5273.75  20.36375
5273.8  20.92832
5273.85  21.43852
5273.9  20.14737
5273.95  20.16554
5274.  16.73261
5274.05  20.84083
5274.1  26.2553
5274.15  20.42649
5274.2  20.76654
5274.25  23.64867
5274.3  20.89534
5274.35  19.311
5274.4  21.24911
5274.45  17.24723
5274.5  20.02346
5274.55  25.09632
5274.6  19.41241
5274.65  21.00082
5274.7  17.72195
5274.75  17.92972
5274.8  18.92139
5274.85  19.03128
5274.9  14.2195
5274.95  17.48301
5275.  24.06163
5275.05  25.16782
5275.1  18.77183
5275.15  18.06274
5275.2  17.51255
5275.25  21.3962
5275.3  18.68187
5275.35  16.30647
5275.4  18.1887
5275.45  19.60555
5275.5  15.64595
5275.55  13.76941
5275.6  23.76834
5275.65  16.11329
5275.7  17.79909
5275.75  17.33452
5275.8  21.04119
5275.85  22.46825
5275.9  20.80829
5275.95  17.20291
5276.  15.91322
5276.05  15.35437
5276.1  18.10232
5276.15  21.46284
5276.2  22.46763
5276.25  22.89547
5276.3  22.62074
5276.35  18.26265
5276.4  15.8177
5276.45  18.50637
5276.5  18.93385
5276.55  18.44139
5276.6  20.0847
5276.65  18.7221
5276.7  15.45167
5276.75  16.65574
5276.8  15.82326
5276.85  17.49083
5276.9  16.66061
5276.95  22.40015
5277.  21.54573
5277.05  16.79339
5277.1  23.11854
5277.15  17.89302
5277.2  20.2245
5277.25  16.96334
5277.3  13.94858
5277.35  19.53691
5277.4  20.90058
5277.45  18.2507
5277.5  17.76553
5277.55  21.41843
5277.6  18.82601
5277.65  19.74326
5277.7  21.37051
5277.75  24.46076
5277.8  22.46574
5277.85  16.05063
5277.9  18.75296
5277.95  17.83467
5278.  14.96849
5278.05  20.6099
5278.1  20.95257
5278.15  22.78548
5278.2  18.49568
5278.25  20.98746
5278.3  18.08457
5278.35  17.20177
5278.4  20.99254
5278.45  20.24274
5278.5  21.2481
5278.55  22.66853
5278.6  17.49974
5278.65  17.62696
5278.7  18.90204
5278.75  19.91576
5278.8  16.17955
5278.85  17.85312
5278.9  21.16613
5278.95  19.6334
5279.  19.31998
5279.05  17.82806
5279.1  22.52569
5279.15  26.25713
5279.2  23.02223
5279.25  21.63707
5279.3  12.8066
5279.35  17.64193
5279.4  17.5711
5279.45  23.33621
5279.5  16.65108
5279.55  20.83369
5279.6  19.63146
5279.65  18.61146
5279.7  24.72333
5279.75  20.64411
5279.8  19.40815
5279.85  18.83792
5279.9  19.45358
5279.95  16.04534
5280.  22.69187
5280.05  21.20815
5280.1  18.90001
5280.15  16.92142
5280.2  16.99446
5280.25  18.78124
5280.3  20.18972
5280.35  16.01801
5280.4  19.7913
5280.45  17.86188
5280.5  17.74594
5280.55  16.91998
5280.6  21.93478
5280.65  21.22399
5280.7  18.80697
5280.75  23.91548
5280.8  22.38467
5280.85  22.15567
5280.9  21.30132
5280.95  20.978
5281.  24.01831
5281.05  20.64767
5281.1  16.25845
5281.15  16.78064
5281.2  18.70099
5281.25  19.60101
5281.3  24.44835
5281.35  26.24133
5281.4  18.44604
5281.45  20.93633
5281.5  19.47544
5281.55  21.72889
5281.6  20.308
5281.65  23.27887
5281.7  16.63619
5281.75  17.10935
5281.8  17.34822
5281.85  17.37582
5281.9  18.33054
5281.95  20.87314
5282.  18.85097
5282.05  20.25265
5282.1  23.41134
5282.15  23.48186
5282.2  16.34435
5282.25  17.1187
5282.3  16.12384
5282.35  17.45329
5282.4  19.94489
5282.45  18.10512
5282.5  17.97106
5282.55  15.07354
5282.6  13.27111
5282.65  21.00066
5282.7  19.05985
5282.75  18.1107
5282.8  17.63632
5282.85  21.27187
5282.9  21.56203
5282.95  18.28702
5283.  20.77168
5283.05  23.1091
5283.1  23.36137
5283.15  21.67153
5283.2  17.86959
5283.25  21.25732
5283.3  17.92083
5283.35  19.58667
5283.4  19.35226
5283.45  15.25483
5283.5  18.55318
5283.55  15.50266
5283.6  17.29507
5283.65  20.97614
5283.7  19.14707
5283.75  20.13649
5283.8  16.88128
5283.85  19.59672
5283.9  20.68569
5283.95  21.02111
5284.  19.41641
5284.05  21.03362
5284.1  20.19791
5284.15  22.54716
5284.2  24.06286
5284.25  24.18212
5284.3  27.64001
5284.35  21.54676
5284.4  19.57564
5284.45  19.26372
5284.5  18.90754
5284.55  16.35339
5284.6  14.39188
5284.65  18.64328
5284.7  19.63434
5284.75  21.81688
5284.8  16.07782
5284.85  19.93504
5284.9  27.92584
5284.95  21.90902
5285.  22.38818
5285.05  18.13445
5285.1  20.5941
5285.15  20.67822
5285.2  15.65686
5285.25  18.30316
5285.3  21.32338
5285.35  22.59983
5285.4  24.21326
5285.45  19.59729
5285.5  18.13494
5285.55  17.02204
5285.6  19.68686
5285.65  19.17636
5285.7  21.0922
5285.75  20.5514
5285.8  16.33183
5285.85  20.09742
5285.9  21.12118
5285.95  20.65296
5286.  21.48021
5286.05  19.12759
5286.1  21.47515
5286.15  19.9041
5286.2  17.25451
5286.25  17.44654
5286.3  20.78798
5286.35  23.77319
5286.4  23.76309
5286.45  18.61073
5286.5  13.16634
5286.55  20.32747
5286.6  17.64259
5286.65  24.7373
5286.7  24.04356
5286.75  19.22626
5286.8  20.06748
5286.85  21.87314
5286.9  22.35471
5286.95  18.49316
5287.  20.92953
5287.05  20.02166
5287.1  20.67646
5287.15  20.77523
5287.2  22.02978
5287.25  23.63827
5287.3  19.39976
5287.35  22.41598
5287.4  22.86144
5287.45  24.72003
5287.5  22.41617
5287.55  20.80324
5287.6  11.77438
5287.65  19.67958
5287.7  22.57577
5287.75  23.79146
5287.8  23.21085
5287.85  18.47917
5287.9  23.68903
5287.95  20.15852
5288.  22.98309
5288.05  19.02322
5288.1  18.55311
5288.15  21.84544
5288.2  21.28095
5288.25  19.29318
5288.3  26.1188
5288.35  17.18619
5288.4  18.89436
5288.45  20.63663
5288.5  16.12001
5288.55  15.17245
5288.6  16.44604
5288.65  16.93018
5288.7  22.26946
5288.75  21.38493
5288.8  25.28632
5288.85  24.10063
5288.9  18.21449
5288.95  19.60505
5289.  19.13634
5289.05  22.44144
5289.1  22.68577
5289.15  19.16164
5289.2  21.32587
5289.25  18.74944
5289.3  18.26802
5289.35  17.41017
5289.4  18.82072
5289.45  19.53285
5289.5  19.16668
5289.55  17.32726
5289.6  19.13772
5289.65  23.39927
5289.7  20.09198
5289.75  16.80413
5289.8  21.63522
5289.85  16.07356
5289.9  20.1423
5289.95  20.87524
5290.  19.10429
5290.05  23.92114
5290.1  19.98853
5290.15  24.92419
5290.2  22.53754
5290.25  24.47422
5290.3  20.36053
5290.35  22.56587
5290.4  19.81126
5290.45  19.56374
5290.5  24.52171
5290.55  21.4646
5290.6  19.2245
5290.65  25.7576
5290.7  19.38332
5290.75  23.99289
5290.8  17.80309
5290.85  16.80779
5290.9  22.52107
5290.95  27.03416
5291.  22.03401
5291.05  21.14668
5291.1  24.09178
5291.15  27.45034
5291.2  22.17029
5291.25  21.28375
5291.3  22.21256
5291.35  23.69462
5291.4  20.83499
5291.45  21.85855
5291.5  20.03646
5291.55  23.09431
5291.6  20.22566
5291.65  16.59606
5291.7  15.72033
5291.75  19.30706
5291.8  15.54682
5291.85  20.4097
5291.9  19.20474
5291.95  23.97498
5292.  19.81649
5292.05  16.3556
5292.1  19.81535
5292.15  21.39019
5292.2  18.75522
5292.25  21.78596
5292.3  21.59734
5292.35  19.66421
5292.4  24.63145
5292.45  22.70166
5292.5  19.17394
5292.55  14.24902
5292.6  18.50498
5292.65  19.18277
5292.7  20.96847
5292.75  21.94352
5292.8  21.82216
5292.85  19.71738
5292.9  23.11623
5292.95  25.40553
5293.  25.70293
5293.05  20.8745
5293.1  18.97069
5293.15  21.14347
5293.2  25.51028
5293.25  19.59543
5293.3  22.88932
5293.35  17.19972
5293.4  17.90484
5293.45  18.93634
5293.5  18.68596
5293.55  18.06249
5293.6  21.20643
5293.65  28.01928
5293.7  26.50747
5293.75  22.4071
5293.8  20.44142
5293.85  21.63626
5293.9  12.78681
5293.95  14.99912
5294.  17.64878
5294.05  20.86018
5294.1  22.91051
5294.15  19.82036
5294.2  18.4353
5294.25  21.44202
5294.3  19.2664
5294.35  23.68982
5294.4  23.36851
5294.45  23.14997
5294.5  20.20383
5294.55  17.31587
5294.6  16.9801
5294.65  20.55037
5294.7  17.18864
5294.75  17.65957
5294.8  19.54381
5294.85  29.46129
5294.9  21.94108
5294.95  21.26682
5295.  18.26835
5295.05  26.20763
5295.1  18.40146
5295.15  17.80178
5295.2  18.63075
5295.25  18.49254
5295.3  15.51385
5295.35  20.3646
5295.4  23.75666
5295.45  23.31131
5295.5  21.30299
5295.55  17.67459
5295.6  22.64431
5295.65  17.78902
5295.7  15.62312
5295.75  20.3192
5295.8  20.79753
5295.85  17.80899
5295.9  20.45075
5295.95  24.90225
5296.  23.8048
5296.05  17.5738
5296.1  15.23263
5296.15  16.07124
5296.2  18.2628
5296.25  23.53906
5296.3  27.43041
5296.35  19.00401
5296.4  19.895
5296.45  19.08946
5296.5  20.1725
5296.55  18.7139
5296.6  18.48813
5296.65  28.57949
5296.7  19.41955
5296.75  25.54392
5296.8  19.35349
5296.85  14.99728
5296.9  18.28086
5296.95  24.88944
5297.  23.39683
5297.05  20.7598
5297.1  19.57064
5297.15  18.93315
5297.2  19.87932
5297.25  18.99829
5297.3  21.7752
5297.35  21.81246
5297.4  24.27889
5297.45  20.28164
5297.5  20.17501
5297.55  18.24171
5297.6  22.12643
5297.65  12.18739
5297.7  23.88517
5297.75  19.75752
5297.8  21.83855
5297.85  21.31359
5297.9  26.08518
5297.95  19.00828
5298.  16.66365
5298.05  20.10859
5298.1  21.15749
5298.15  22.92641
5298.2  23.45962
5298.25  17.94374
5298.3  21.95027
5298.35  20.9282
5298.4  17.33757
5298.45  15.51823
5298.5  19.18657
5298.55  16.31425
5298.6  18.92428
5298.65  18.96376
5298.7  20.02211
5298.75  22.26919
5298.8  20.75725
5298.85  16.21109
5298.9  20.36691
5298.95  16.53419
5299.  18.16167
5299.05  20.69633
5299.1  23.8194
5299.15  19.07578
5299.2  23.6921
5299.25  25.08994
5299.3  22.6438
5299.35  20.73698
5299.4  21.41776
5299.45  25.88585
5299.5  23.87034
5299.55  25.76328
5299.6  21.04552
5299.65  15.57036
5299.7  15.87706
5299.75  19.09491
5299.8  20.80061
5299.85  21.80128
5299.9  25.24329
5299.95  16.06765
5300.  14.36383
5300.05  18.95877
5300.1  19.94333
5300.15  20.03414
5300.2  21.4205
5300.25  18.43874
5300.3  20.91497
5300.35  16.01632
5300.4  22.08836
5300.45  15.73917
5300.5  22.44273
5300.55  18.49174
5300.6  21.7238
5300.65  21.84591
5300.7  18.45129
5300.75  18.81024
5300.8  17.81881
5300.85  22.36438
5300.9  24.1423
5300.95  24.81804
5301.  18.82948
5301.05  20.68133
5301.1  21.18476
5301.15  24.40223
5301.2  23.40712
5301.25  24.97626
5301.3  13.93054
5301.35  20.69419
5301.4  24.30995
5301.45  24.44436
5301.5  18.30552
5301.55  19.29309
5301.6  20.59896
5301.65  22.79131
5301.7  23.12713
5301.75  24.20086
5301.8  27.2852
5301.85  20.91587
5301.9  19.9364
5301.95  27.36387
5302.  23.34773
5302.05  24.78852
5302.1  19.84428
5302.15  20.83289
5302.2  21.51978
5302.25  22.49892
5302.3  20.60912
5302.35  20.22573
5302.4  21.08319
5302.45  22.89174
5302.5  24.18316
5302.55  22.44666
5302.6  21.53799
5302.65  20.75714
5302.7  20.27853
5302.75  22.15845
5302.8  22.89289
5302.85  18.45569
5302.9  21.64798
5302.95  18.45811
5303.  19.06381
5303.05  20.04955
5303.1  20.69067
5303.15  20.44366
5303.2  20.12013
5303.25  23.04367
5303.3  16.78671
5303.35  21.33283
5303.4  21.59155
5303.45  19.53172
5303.5  19.07115
5303.55  20.46173
5303.6  17.90656
5303.65  24.88113
5303.7  17.34572
5303.75  24.97451
5303.8  25.47684
5303.85  24.0462
5303.9  20.1334
5303.95  20.47271
5304.  24.87843
5304.05  27.90765
5304.1  22.81412
5304.15  23.40599
5304.2  21.1366
5304.25  22.39517
5304.3  22.90317
5304.35  25.36239
5304.4  18.35496
5304.45  19.77458
5304.5  20.88596
5304.55  16.61206
5304.6  17.98159
5304.65  13.81502
5304.7  23.61773
5304.75  22.26516
5304.8  24.95419
5304.85  22.30906
5304.9  21.72623
5304.95  15.83583
5305.  27.09341
5305.05  23.73909
5305.1  25.16863
5305.15  23.68737
5305.2  25.25564
5305.25  25.28846
5305.3  22.30321
5305.35  24.04556
5305.4  20.4355
5305.45  24.80856
5305.5  23.43167
5305.55  25.93515
5305.6  21.9074
5305.65  20.8301
5305.7  18.30875
5305.75  22.53971
5305.8  27.09672
5305.85  14.99834
5305.9  20.89884
5305.95  18.77039
5306.  15.1824
5306.05  20.53487
5306.1  21.06074
5306.15  24.32658
5306.2  27.3093
5306.25  21.19168
5306.3  26.28502
5306.35  22.15728
5306.4  20.99136
5306.45  28.6294
5306.5  27.44277
5306.55  21.5164
5306.6  26.32819
5306.65  20.88087
5306.7  21.93932
5306.75  22.96246
5306.8  17.38164
5306.85  21.6676
5306.9  27.56176
5306.95  21.92527
5307.  21.75082
5307.05  17.75205
5307.1  22.82708
5307.15  21.90565
5307.2  24.4475
5307.25  20.79006
5307.3  20.63379
5307.35  24.8681
5307.4  24.53525
5307.45  20.67884
5307.5  21.96275
5307.55  19.26813
5307.6  20.46666
5307.65  23.11024
5307.7  19.25311
5307.75  22.66626
5307.8  22.96459
5307.85  22.51515
5307.9  20.12651
5307.95  22.07138
5308.  21.29446
5308.05  21.70262
5308.1  15.10712
5308.15  22.80267
5308.2  22.75402
5308.25  18.18429
5308.3  28.19938
5308.35  22.62432
5308.4  22.78061
5308.45  23.48194
5308.5  20.17666
5308.55  26.93293
5308.6  22.49836
5308.65  22.08347
5308.7  21.10722
5308.75  21.7677
5308.8  19.92459
5308.85  23.21595
5308.9  23.67951
5308.95  19.1745
5309.  24.50013
5309.05  23.39647
5309.1  24.97878
5309.15  26.50311
5309.2  29.16334
5309.25  26.26075
5309.3  27.98403
5309.35  27.69613
5309.4  19.45418
5309.45  22.125
5309.5  19.05005
5309.55  18.86821
5309.6  24.42673
5309.65  27.16996
5309.7  28.67125
5309.75  23.41478
5309.8  31.08889
5309.85  31.75239
5309.9  24.48794
5309.95  27.57941
5310.  26.82819
5310.05  22.5423
5310.1  20.61846
5310.15  17.18409
5310.2  21.76619
5310.25  23.06303
5310.3  21.32873
5310.35  17.13844
5310.4  20.75977
5310.45  24.12049
5310.5  25.18276
5310.55  21.9586
5310.6  23.88836
5310.65  24.65578
5310.7  24.47154
5310.75  18.63932
5310.8  19.18166
5310.85  24.99982
5310.9  23.35064
5310.95  24.16045
5311.  22.29519
5311.05  25.86645
5311.1  25.79611
5311.15  27.07599
5311.2  22.71831
5311.25  24.01097
5311.3  24.14514
5311.35  23.03387
5311.4  19.19805
5311.45  25.89719
5311.5  20.66596
5311.55  24.08177
5311.6  26.38669
5311.65  20.55521
5311.7  19.46669
5311.75  23.85568
5311.8  22.13058
5311.85  25.11853
5311.9  24.72473
5311.95  23.55745
5312.  22.8576
5312.05  22.62733
5312.1  22.64902
5312.15  21.92516
5312.2  25.32608
5312.25  27.36284
5312.3  31.33307
5312.35  22.04365
5312.4  17.57267
5312.45  22.47445
5312.5  20.37582
5312.55  22.77077
5312.6  22.53079
5312.65  27.28312
5312.7  27.27042
5312.75  29.10177
5312.8  22.87687
5312.85  21.12176
5312.9  24.75745
5312.95  17.51505
5313.  21.12479
5313.05  21.11707
5313.1  30.19781
5313.15  32.78854
5313.2  29.1436
5313.25  29.16119
5313.3  26.09164
5313.35  23.99622
5313.4  25.35933
5313.45  27.21052
5313.5  23.73526
5313.55  26.09691
5313.6  24.42377
5313.65  22.41243
5313.7  28.72136
5313.75  30.54626
5313.8  17.6132
5313.85  22.4798
5313.9  21.4437
5313.95  23.35556
5314.  13.45708
5314.05  21.10786
5314.1  25.24827
5314.15  26.74178
5314.2  24.91698
5314.25  20.75046
5314.3  19.50937
5314.35  20.55067
5314.4  21.65296
5314.45  19.96647
5314.5  20.42007
5314.55  16.66505
5314.6  25.81628
5314.65  26.01144
5314.7  20.1469
5314.75  22.27584
5314.8  21.07721
5314.85  16.96916
5314.9  19.63686
5314.95  21.18751
5315.  22.26919
5315.05  21.18596
5315.1  23.24077
5315.15  18.63444
5315.2  19.87144
5315.25  21.54995
5315.3  27.11983
5315.35  24.13144
5315.4  19.12061
5315.45  17.27296
5315.5  22.35358
5315.55  22.85082
5315.6  23.85404
5315.65  27.54685
5315.7  24.17043
5315.75  27.07853
5315.8  26.36138
5315.85  20.7386
5315.9  21.70778
5315.95  16.12793
5316.  26.24231
5316.05  23.08665
5316.1  28.07528
5316.15  19.97867
5316.2  19.84437
5316.25  23.73677
5316.3  25.47142
5316.35  21.20535
5316.4  18.65983
5316.45  22.21225
5316.5  19.97872
5316.55  24.82393
5316.6  23.87705
5316.65  17.37876
5316.7  15.87088
5316.75  21.84995
5316.8  27.4985
5316.85  22.05096
5316.9  27.0297
5316.95  19.47617
5317.  23.9962
5317.05  21.51203
5317.1  19.71564
5317.15  20.56775
5317.2  20.34275
5317.25  26.24138
5317.3  18.35801
5317.35  20.88087
5317.4  22.46325
5317.45  20.97964
5317.5  27.56366
5317.55  24.57771
5317.6  21.1511
5317.65  31.64649
5317.7  24.56136
5317.75  17.54105
5317.8  17.10783
5317.85  27.14377
5317.9  22.2183
5317.95  20.00147
5318.  25.53151
5318.05  23.20244
5318.1  22.6119
5318.15  28.41552
5318.2  22.63683
5318.25  23.76765
5318.3  18.78164
5318.35  22.99179
5318.4  26.35529
5318.45  26.263
5318.5  24.75272
5318.55  18.26727
5318.6  19.90836
5318.65  24.3376
5318.7  20.55026
5318.75  26.28014
5318.8  22.60533
5318.85  23.83178
5318.9  27.30956
5318.95  19.87272
5319.  16.90965
5319.05  20.83026
5319.1  29.43227
5319.15  21.16283
5319.2  18.47187
5319.25  21.07504
5319.3  21.89074
5319.35  23.17089
5319.4  23.72444
5319.45  23.12815
5319.5  24.86539
5319.55  24.78916
5319.6  24.79696
5319.65  26.64494
5319.7  27.77505
5319.75  26.05607
5319.8  20.30319
5319.85  22.9758
5319.9  22.36616
5319.95  20.6106
5320.  22.98083
5320.05  24.37024
5320.1  22.37519
5320.15  23.24134
5320.2  18.39077
5320.25  18.31537
5320.3  25.3234
5320.35  29.03997
5320.4  29.83833
5320.45  22.45206
5320.5  23.48602
5320.55  26.93605
5320.6  32.06741
5320.65  25.18926
5320.7  22.27791
5320.75  19.32161
5320.8  27.25261
5320.85  32.61553
5320.9  20.97585
5320.95  33.43837
5321.  34.54351
5321.05  25.22126
5321.1  25.698
5321.15  24.31909
5321.2  22.41047
5321.25  22.06071
5321.3  21.21239
5321.35  20.59708
5321.4  19.17316
5321.45  25.96758
5321.5  25.77246
5321.55  24.15105
5321.6  17.51918
5321.65  25.13857
5321.7  22.14175
5321.75  24.17448
5321.8  26.88303
5321.85  26.47653
5321.9  22.28382
5321.95  28.51436
5322.  28.35425
5322.05  23.82319
5322.1  20.33841
5322.15  19.1719
5322.2  26.9325
5322.25  22.08792
5322.3  23.4467
5322.35  19.23405
5322.4  26.43275
5322.45  29.99467
5322.5  18.00243
5322.55  26.66228
5322.6  21.2429
5322.65  30.77701
5322.7  23.6905
5322.75  23.82016
5322.8  25.75986
5322.85  27.68572
5322.9  22.18214
5322.95  19.20646
5323.  18.55005
5323.05  22.41827
5323.1  27.70646
5323.15  26.85904
5323.2  25.3307
5323.25  18.39609
5323.3  25.393
5323.35  30.30169
5323.4  21.68714
5323.45  23.00099
5323.5  23.76398
5323.55  26.16523
5323.6  27.79311
5323.65  18.88227
5323.7  19.7981
5323.75  22.38066
5323.8  24.64848
5323.85  19.55611
5323.9  24.24916
5323.95  24.95551
5324.  18.09324
5324.05  19.63461
5324.1  19.69394
5324.15  24.35061
5324.2  21.45472
5324.25  19.91367
5324.3  21.416
5324.35  18.37748
5324.4  20.39247
5324.45  23.34951
5324.5  28.49018
5324.55  29.20804
5324.6  21.50771
5324.65  19.62967
5324.7  29.64671
5324.75  33.14623
5324.8  26.83374
5324.85  27.10501
5324.9  23.21617
5324.95  19.17375
5325.  26.01831
5325.05  26.85196
5325.1  30.66339
5325.15  25.23842
5325.2  22.88793
5325.25  24.86228
5325.3  29.04483
5325.35  22.92123
5325.4  30.26564
5325.45  31.60648
5325.5  26.63992
5325.55  21.76538
5325.6  23.83452
5325.65  33.2271
5325.7  23.1651
5325.75  22.2293
5325.8  25.18073
5325.85  30.55305
5325.9  27.33028
5325.95  26.81316
5326.  31.52546
5326.05  31.9707
5326.1  25.10602
5326.15  19.50572
5326.2  22.05459
5326.25  25.16476
5326.3  32.40081
5326.35  32.45993
5326.4  27.34579
5326.45  23.54164
5326.5  24.80347
5326.55  27.01113
5326.6  27.93691
5326.65  26.60381
5326.7  23.29264
5326.75  27.68435
5326.8  19.73741
5326.85  21.52446
5326.9  22.52543
5326.95  25.02417
5327.  26.67405
5327.05  22.44021
5327.1  23.23395
5327.15  28.75482
5327.2  27.95375
5327.25  27.66984
5327.3  24.63119
5327.35  32.56628
5327.4  24.97645
5327.45  26.47978
5327.5  23.44239
5327.55  27.59815
5327.6  21.52184
5327.65  22.2447
5327.7  20.15037
5327.75  18.11677
5327.8  27.19416
5327.85  20.24703
5327.9  19.04811
5327.95  20.82486
5328.  23.99203
5328.05  25.28119
5328.1  22.47004
5328.15  24.34357
5328.2  24.23904
5328.25  20.90539
5328.3  17.62979
5328.35  25.10428
5328.4  21.39302
5328.45  21.08902
5328.5  24.23904
5328.55  21.17422
5328.6  20.82099
5328.65  24.46138
5328.7  23.3456
5328.75  21.83671
5328.8  22.08181
5328.85  23.10352
5328.9  24.12224
5328.95  18.02931
5329.  24.98511
5329.05  20.29921
5329.1  25.30904
5329.15  25.95469
5329.2  18.76602
5329.25  16.46387
5329.3  18.89515
5329.35  19.87525
5329.4  20.86227
5329.45  18.3214
5329.5  22.74567
5329.55  23.15159
5329.6  28.2815
5329.65  26.01578
5329.7  24.49376
5329.75  19.23702
5329.8  21.87007
5329.85  22.31986
5329.9  23.41795
5329.95  28.55653
5330.  18.87063
5330.05  17.48066
5330.1  21.52151
5330.15  21.06209
5330.2  20.73547
5330.25  27.10233
5330.3  25.92537
5330.35  24.47094
5330.4  21.58076
5330.45  24.05935
5330.5  22.63405
5330.55  25.38478
5330.6  18.79031
5330.65  21.1594
5330.7  29.14082
5330.75  28.53559
5330.8  21.44324
5330.85  20.5279
5330.9  32.36268
5330.95  30.46183
5331.  27.09899
5331.05  29.45834
5331.1  29.68515
5331.15  23.98929
5331.2  24.89832
5331.25  23.56399
5331.3  31.43025
5331.35  23.13884
5331.4  22.9625
5331.45  28.68966
5331.5  26.59556
5331.55  17.27601
5331.6  23.70728
5331.65  25.42189
5331.7  25.49655
5331.75  29.94755
5331.8  27.85022
5331.85  22.02718
5331.9  29.6156
5331.95  26.33217
5332.  23.86241
5332.05  18.78814
5332.1  25.73834
5332.15  25.27787
5332.2  22.29511
5332.25  30.02876
5332.3  22.8985
5332.35  26.39335
5332.4  22.50411
5332.45  32.28261
5332.5  27.15179
5332.55  21.53476
5332.6  30.97536
5332.65  30.38313
5332.7  25.14713
5332.75  17.93501
5332.8  21.24859
5332.85  17.33227
5332.9  25.5131
5332.95  26.49048
5333.  20.14916
5333.05  23.83022
5333.1  21.56256
5333.15  24.85595
5333.2  26.12325
5333.25  32.48668
5333.3  33.78164
5333.35  19.18547
5333.4  19.07511
5333.45  19.92924
5333.5  21.46869
5333.55  30.32291
5333.6  33.15186
5333.65  24.05619
5333.7  21.49768
5333.75  20.14918
5333.8  20.08535
5333.85  27.32133
5333.9  23.74403
5333.95  17.63817
5334.  23.92496
5334.05  18.34977
5334.1  24.82027
5334.15  30.75284
5334.2  29.96191
5334.25  22.89118
5334.3  16.86088
5334.35  20.48608
5334.4  24.00801
5334.45  24.97251
5334.5  24.27595
5334.55  28.02484
5334.6  26.24496
5334.65  26.19198
5334.7  29.81791
5334.75  27.00278
5334.8  25.17669
5334.85  23.68327
5334.9  18.3466
5334.95  23.24669
5335.  23.78636
5335.05  28.68667
5335.1  23.04102
5335.15  25.20439
5335.2  22.66473
5335.25  25.28464
5335.3  23.92757
5335.35  25.02193
5335.4  27.08706
5335.45  21.17754
5335.5  22.37754
5335.55  26.07215
5335.6  22.93888
5335.65  19.67751
5335.7  22.11755
5335.75  23.86779
5335.8  24.99327
5335.85  31.19188
5335.9  28.50834
5335.95  25.84061
5336.  23.92537
5336.05  27.09795
5336.1  29.11271
5336.15  27.9397
5336.2  26.29076
5336.25  20.91496
5336.3  23.05085
5336.35  29.48818
5336.4  27.04519
5336.45  28.9155
5336.5  24.28147
5336.55  20.29168
5336.6  21.32164
5336.65  28.64007
5336.7  18.80187
5336.75  30.40558
5336.8  14.48333
5336.85  25.44604
5336.9  28.86474
5336.95  25.95211
5337.  27.65442
5337.05  23.15372
5337.1  25.46
5337.15  19.43315
5337.2  26.79958
5337.25  24.68305
5337.3  24.27177
5337.35  32.73882
5337.4  23.84372
5337.45  11.53393
5337.5  25.03257
5337.55  32.33874
5337.6  26.2663
5337.65  22.6341
5337.7  27.59883
5337.75  33.5938
5337.8  28.00709
5337.85  27.72351
5337.9  25.5956
5337.95  26.00835
5338.  21.10467
5338.05  15.9751
5338.1  21.25882
5338.15  22.98476
5338.2  21.99388
5338.25  29.07934
5338.3  26.91324
5338.35  25.54268
5338.4  21.76365
5338.45  25.41172
5338.5  22.00351
5338.55  25.73991
5338.6  31.01191
5338.65  23.85465
5338.7  21.52103
5338.75  23.39321
5338.8  20.38593
5338.85  24.94699
5338.9  26.7991
5338.95  25.87718
5339.  26.08627
5339.05  26.22802
5339.1  20.93765
5339.15  23.97444
5339.2  23.05421
5339.25  25.50716
5339.3  23.90248
5339.35  32.48639
5339.4  21.53863
5339.45  16.26302
5339.5  23.84556
5339.55  25.22083
5339.6  19.64659
5339.65  27.51574
5339.7  30.73451
5339.75  20.91249
5339.8  21.51054
5339.85  29.53838
5339.9  20.98925
5339.95  21.13989
5340.  22.4843
5340.05  29.41525
5340.1  16.6198
5340.15  22.19069
5340.2  40.42714
5340.25  21.53256
5340.3  20.20377
5340.35  25.04842
5340.4  21.56322
5340.45  21.95237
5340.5  17.85852
5340.55  23.4091
5340.6  27.62133
5340.65  17.07169
5340.7  29.42922
5340.75  25.84343
5340.8  25.18057
5340.85  23.83938
5340.9  25.75558
5340.95  29.43376
5341.  24.06169
5341.05  28.62996
5341.1  24.73922
5341.15  21.46103
5341.2  25.88969
5341.25  26.09209
5341.3  28.59067
5341.35  23.97046
5341.4  27.05245
5341.45  24.09415
5341.5  27.69247
5341.55  31.16306
5341.6  31.20951
5341.65  32.11
5341.7  18.70945
5341.75  27.51401
5341.8  31.79573
5341.85  21.26874
5341.9  25.35241
5341.95  27.88995
5342.  25.41552
5342.05  30.42131
5342.1  30.54321
5342.15  22.63264
5342.2  23.98399
5342.25  32.26064
5342.3  39.34679
5342.35  29.16186
5342.4  20.23124
5342.45  19.52762
5342.5  27.12842
5342.55  28.06943
5342.6  25.67762
5342.65  23.03656
5342.7  27.2778
5342.75  27.56478
5342.8  31.63318
5342.85  29.93185
5342.9  29.01219
5342.95  33.5934
5343.  20.33428
5343.05  31.57218
5343.1  22.29021
5343.15  25.13755
5343.2  25.89248
5343.25  28.42307
5343.3  27.59967
5343.35  28.38932
5343.4  29.8026
5343.45  23.31986
5343.5  24.1889
5343.55  21.99876
5343.6  26.04257
5343.65  25.50451
5343.7  19.306
5343.75  26.74127
5343.8  18.09182
5343.85  19.54196
5343.9  24.81178
5343.95  30.86498
5344.  28.76298
5344.05  31.65855
5344.1  27.6887
5344.15  25.69627
5344.2  28.18935
5344.25  28.76171
5344.3  31.45301
5344.35  24.88024
5344.4  32.95506
5344.45  28.34039
5344.5  24.06055
5344.55  33.87529
5344.6  29.56552
5344.65  32.55269
5344.7  31.97728
5344.75  27.54677
5344.8  28.01884
5344.85  23.87078
5344.9  19.60634
5344.95  21.62417
5345.  27.47208
5345.05  26.35813
5345.1  22.1939
5345.15  27.80307
5345.2  23.43366
5345.25  23.82914
5345.3  22.90462
5345.35  31.15154
5345.4  24.90857
5345.45  34.70172
5345.5  33.97672
5345.55  25.53157
5345.6  23.88004
5345.65  33.20551
5345.7  23.71877
5345.75  19.88319
5345.8  22.63948
5345.85  26.72725
5345.9  24.40003
5345.95  25.67681
5346.  28.69334
5346.05  25.16316
5346.1  24.79283
5346.15  16.7791
5346.2  26.26493
5346.25  26.39708
5346.3  17.73251
5346.35  27.91673
5346.4  35.73501
5346.45  20.1258
5346.5  27.42984
5346.55  32.11565
5346.6  31.65718
5346.65  21.89688
5346.7  28.04129
5346.75  29.93823
5346.8  21.54068
5346.85  33.67038
5346.9  27.6467
5346.95  24.20201
5347.  23.11169
5347.05  26.49054
5347.1  31.6202
5347.15  25.08304
5347.2  26.99452
5347.25  25.58064
5347.3  33.83913
5347.35  37.83284
5347.4  27.59222
5347.45  30.96707
5347.5  30.60634
5347.55  28.7132
5347.6  24.67241
5347.65  28.9074
5347.7  23.93771
5347.75  33.35923
5347.8  30.52599
5347.85  18.41488
5347.9  25.75372
5347.95  26.93062
5348.  30.54448
5348.05  25.11056
5348.1  28.39013
5348.15  20.60379
5348.2  25.44743
5348.25  32.35929
5348.3  28.84746
5348.35  29.86359
5348.4  28.09659
5348.45  23.22439
5348.5  26.6717
5348.55  25.89777
5348.6  32.05563
5348.65  15.50093
5348.7  35.41415
5348.75  21.84418
5348.8  12.00479
5348.85  29.42544
5348.9  30.96699
5348.95  27.55591
5349.  34.29392
5349.05  31.74826
5349.1  27.37753
5349.15  26.86324
5349.2  32.16855
5349.25  26.93903
5349.3  29.4738
5349.35  25.29057
5349.4  37.47098
5349.45  32.89349
5349.5  23.56296
5349.55  31.18652
5349.6  28.32919
5349.65  29.96408
5349.7  26.60317
5349.75  11.80352
5349.8  29.12526
5349.85  28.35902
5349.9  25.87217
5349.95  25.85181
5350.  29.89444
5350.05  39.29273
5350.1  36.09249
5350.15  25.17983
5350.2  16.23517
5350.25  27.86283
5350.3  26.13253
5350.35  19.85171
5350.4  36.39751
5350.45  26.38627
5350.5  31.2915
5350.55  30.24319
5350.6  31.37106
5350.65  20.59121
5350.7  43.6242
5350.75  20.22054
5350.8  21.21278
5350.85  35.5965
5350.9  14.89807
5350.95  26.62683
5351.  24.46912
5351.05  23.83787
5351.1  24.82801
5351.15  29.67571
5351.2  27.87675
5351.25  25.46568
5351.3  28.11789
5351.35  25.73285
5351.4  36.29798
5351.45  29.7122
5351.5  16.05519
5351.55  20.31802
5351.6  40.65837
5351.65  21.84166
5351.7  21.91105
5351.75  29.60056
5351.8  28.45041
5351.85  34.5551
5351.9  21.3505
5351.95  39.20966
5352.  26.54228
5352.05  21.31003
5352.1  29.04571
5352.15  25.79758
5352.2  34.5047
5352.25  36.22353
5352.3  35.60652
5352.35  29.21272
5352.4  26.35864
5352.45  24.4667
5352.5  25.48696
5352.55  27.12275
5352.6  32.23394
5352.65  31.65986
5352.7  32.88329
5352.75  23.36377
5352.8  29.10317
5352.85  31.7361
5352.9  27.21101
5352.95  30.69034
5353.  31.56255
5353.05  9.219926
5353.1  21.88504
5353.15  20.10923
5353.2  18.69492
5353.25  26.90227
5353.3  16.39472
5353.35  19.38191
5353.4  22.75054
5353.45  20.92277
5353.5  28.14911
5353.55  13.60753
5353.6  21.06651
5353.65  30.59493
5353.7  26.65282
5353.75  27.46672
5353.8  14.99931
5353.85  23.33997
5353.9  24.21866
5353.95  0.
5354.  0.
5354.05  0.
5354.1  0.
5354.15  0.
5354.2  0.
5354.25  0.
5354.3  0.
5354.35  0.
5354.4  0.
5354.45  0.
5354.5  0.
5354.55  0.
5354.6  0.
5354.65  0.
5354.7  0.
5354.75  0.
5354.8  0.
5354.85  0.
5354.9  0.
5354.95  0.
5355.  0.
5355.05  0.
5355.1  0.
5355.15  0.
5355.2  0.
5355.25  0.
5355.3  0.
5355.35  0.
5355.4  0.
5355.45  0.
5355.5  0.
5355.55  0.
5355.6  0.
5355.65  0.
5355.7  0.
5355.75  0.
5355.8  0.
5355.85  0.
5355.9  0.
5355.95  0.
5356.  0.
